UNKNOWN                                                     
      6.349604207873   1
 A  
         256
      3.240908582961      3.110758214128      3.175551472501      0.096857130404      0.755527323971     -0.500088047792
     -2.404719563070     -2.329574015309      3.171716772442      0.118455588150     -0.271526064625      0.735554562348
      3.239261615457     -2.365683508876     -2.342431108479     -0.384334431660      0.314672542920      0.066387074716
     -2.445644797573      3.174875673992     -2.238237135608     -0.706350874332      0.508355560232      0.436087879659
     -1.637450671864      3.195891835115      3.153022552543     -0.138886534716     -0.158048364228     -0.324006622143
     -0.785567296335     -2.360724437070      3.163587255355      0.478973970528     -0.052656733180     -0.478098466897
     -1.559661687560     -2.403759473126     -2.356327626973     -0.611906677012     -0.465016039558      0.246056913467
     -0.754411096395      3.220516554979     -2.378668025638      0.073996890800      1.129499238369     -0.308649043318
      0.020808106115      3.242413544549      3.231645515842      0.385106467885     -0.022904996601     -0.819871254785
      0.800938537952     -2.417394748720      3.233080351536      0.425416939489     -1.346503146126      0.160204902192
     -0.000490722890     -2.433104619656     -2.361337601809      0.315034119817      0.305209920112     -0.320805743740
      0.751059003989      3.139850802883     -2.315006556466     -0.471614440846      0.211540261453      0.423203951736
      1.545723070835      3.232944371710      3.268454388908     -0.463430734119     -0.920292955398     -0.609294442495
      2.417266916410     -2.420247132073      3.224587247496      0.156451276727     -0.031440429507     -0.960104070436
      1.602370332388     -2.307031324783     -2.348359077887      0.467512827858      0.256820753692      0.176542213612
      2.484855468193      3.235408785393     -2.329325240006     -0.770191701675     -0.193442635168     -1.193213958071
      3.241594187623     -1.569792798024      3.221087566295      0.169406766850     -1.146043552179     -0.422927021466
     -2.349809122658     -0.921158587706      3.207847748173      0.293384100748      0.431258523386     -0.282486938797
      3.210513062291     -0.838578655187     -2.436270977652     -0.411739303455     -0.306154651040      0.037830836973
     -2.263910360106     -1.638197664306     -2.268478729227      0.284669661465      0.653704752064     -0.444722549278
     -1.568765789175     -1.679813111247      3.238843980080      0.217998996908     -0.618060772634      0.086783775927
     -0.903545950953     -0.841656780215      3.158032373085      0.560897876354     -0.233993485815     -0.096873556452
     -1.637859424478     -0.808276974266     -2.398387061860      0.265891076024     -0.609231045280     -0.367295967179
     -0.750186563922     -1.584574322278     -2.319677274938      0.285834452285      0.644013366428      0.156638755620
     -0.101764118950     -1.581771572334      3.131031480963     -0.289055742487      0.496177030637      0.203880339328
      0.709072611096     -0.798613578467      3.119030380202      0.586768035835     -0.699416177964      0.530141900042
      0.010709651352     -0.797507878011     -2.345510582990     -0.007982587814     -0.042779188959     -0.159859251099
      0.767170389158     -1.585934723232     -2.406005987288     -0.474256626060     -0.671802512841     -0.268857379466
      1.605837122636     -1.519446316818      3.156478903490      0.341955727950      0.232394944407     -0.252323843761
      2.420053539441     -0.754921563687      3.170784770801      0.005925686570     -0.448423772824      0.740977352946
      1.604333728763     -0.825335030031     -2.429209372782     -0.943791977197      1.037662143219      0.732745635834
      2.446357331153     -1.622816908715     -2.463596181714     -0.157767711413      0.255220240794      0.631633452107
      3.275403866553     -0.001800159420      3.117524513851     -0.113810562030      0.894440522101     -0.018416776127
     -2.344729756380      0.850009182380      3.202634117947      0.285210927142      0.797835791688      1.511211908237
      3.238196197040      0.880546124386     -2.362436735712      0.295840565193      1.300028018489     -0.132839592904
     -2.368925686141     -0.011497236242     -2.306579228386      0.568729412198      0.887603958482      1.277658175455
     -1.560256204981     -0.036141855471      3.207330255154      0.615814298227      0.184625238152     -0.488953919924
     -0.778716721325      0.795567276782      3.164434656824      0.281497832678     -0.965914473004      0.012932670910
     -1.663210675487      0.794883351143     -2.360731874810     -0.060368446997      1.054996796375     -0.823056902090
     -0.807881424668      0.020087037212     -2.465392122173      0.175323326000      0.177660021829      0.110102513793
     -0.076770463316     -0.143548587667      3.229583859144      1.058862204166      0.139418924085     -0.620047653092
      0.779873268498      0.803470225939      3.146904187502     -0.111393008183     -0.212139509002      0.581002725076
      0.019556077190      0.821055478227     -2.512905301409     -0.661396755272     -0.428753204150      0.256376316104
      0.794731897313      0.005456691558     -2.463744800490      1.272355941529      0.821368536813     -0.422001685249
      1.465010137939     -0.064442375173      3.068066702669      0.484039245512     -0.170040403024      0.502727484137
      2.341299566910      0.794041818459      3.115342151963     -1.160436729219     -0.250992723449      0.328286629288
      1.561920106482      0.699051181869     -2.467772878822      0.061149411099     -0.447657978220     -0.804727888975
      2.517561638700      0.044615673687     -2.417683396931      0.890484709837      0.079256653292      1.344039428855
      3.175542162911      1.618318043991      3.180794992645     -0.646791760203     -0.370640932522     -0.944082995286
     -2.387777960360      2.416096855504      3.218618460650     -0.024489218910      0.469128858984     -0.602897487160
      3.181488814603      2.370143071082     -2.343306529704     -0.095791176839     -0.199962646297      0.682362725403
     -2.354801614956      1.582859943126     -2.350507615783     -0.834829652887     -0.548146783870      0.215873896895
     -1.561358606818      1.601861867627      3.178930620014     -0.583145036478      0.519019746129     -0.506013136762
     -0.855599714577      2.455178421758      3.232726338912      1.149836453162     -0.116454231247     -0.307068512178
     -1.590478752456      2.366468793920     -2.363144649675     -1.063954218830     -0.224036022360      0.009701047766
     -0.881990765528      1.557973456806     -2.404167862982      0.492903994028     -0.477476649123     -0.280262440544
     -0.062370199845      1.628725901120      3.224939761851      0.220219111906      0.603221820769      0.613488780077
      0.697747757818      2.427036570645      3.250226916313     -0.293204398856      0.227052252586     -0.969638506201
      0.002165621644      2.383485351721     -2.337114886258     -0.515277860443     -0.678582844319      0.201347756778
      0.887117457450      1.497776531051     -2.390267882880      0.846304698034     -1.108984677108     -0.590149374779
      1.545328165284      1.555978200245      3.108610038774     -0.374116331334     -0.966085272780     -0.132967246649
      2.391437776376      2.362894841563      3.183575820148     -0.749253814458      0.452774550560     -0.679573351446
      1.614695278684      2.448718263948     -2.429912907404     -0.565562771558     -0.990805182830      0.450997890101
      2.388115705156      1.589592500330     -2.440570494363      0.506015676889     -0.913661711617      0.682100227395
      3.214419099172      3.200301477246     -1.503859403973      0.256248939264      0.212426427238     -0.836505010663
     -2.335474342740     -2.362149985910     -1.542112214653     -0.750171261147     -0.172305033073     -0.270604772495
      3.157946160793     -2.365942341175     -0.762882487636      0.063181714067     -0.141881813611     -0.824834735171
     -2.370159386205      3.205299796101     -0.758591536207     -0.888049183150     -0.223947835484     -0.218463604658
     -1.551458686574      3.143286225718     -1.614257575440     -0.381560267584      0.182530647688     -0.606333460272
     -0.806883635091     -2.461240759001     -1.556938975535      0.144344915633      1.086717782713      0.234193660893
     -1.561683271212     -2.384948295064     -0.813062535385      0.560517972441      0.164685009322      0.007919485018
     -0.732901404096      3.238161412727     -0.716020361479     -0.472638239411     -0.813505849834      0.109976986344
     -0.007600317646      3.094042167013     -1.497193332466     -0.268505168031      1.111896135201      0.412928368965
      0.815791976219     -2.397572192981     -1.618409357260     -0.585831147384      0.566514715627     -0.439713075733
      0.107662734592     -2.399973744771     -0.861128337369      1.419877579954      0.400306559836     -0.624373556467
      0.822175304955      3.102823787668     -0.836067297792      0.215851972663     -0.388536711645      0.382681148755
      1.638316767554      3.236961160345     -1.668277354668     -0.410648702995      0.247272841248      0.554862371414
      2.470770793976     -2.332994679142     -1.545516055282     -0.804534147727      0.209958918890      0.065979113746
      1.568223183878     -2.454314475607     -0.790306037517     -1.639332834773     -0.539593767027     -1.193781207590
      2.355920787801      3.167087318703     -0.837717081924      0.540085804856      0.439648613496     -1.196882558047
      3.214525476821     -1.608268496256     -1.627814378879      1.124810379574      1.139016296420     -1.566842485982
     -2.404540330088     -0.779444426534     -1.557951567950      0.680172717904      1.776617485239     -0.814188502015
      3.077119568660     -0.776995602156     -0.712067276367     -0.622250761536      0.000380638887      0.104525046716
     -2.448077529326     -1.549813510630     -0.852202631610     -0.090704559469      0.469216113237      0.271201700292
     -1.544502844545     -1.533747281372     -1.615827452509      0.686601273748     -1.440211328106     -0.441816734532
     -0.813825450764     -0.796381307078     -1.660763980149      0.480482878990      0.795134909184     -0.440333846725
     -1.553628577124     -0.747873645723     -0.875236184015     -1.172531257721      0.348672653801     -0.350843848878
     -0.794642650176     -1.619620756246     -0.751911978288     -0.240435913963      0.168823741069     -0.055819991200
     -0.000895170584     -1.578803645777     -1.551979929843     -0.491388666988      0.353771335762      0.274074148054
      0.862311700155     -0.858230219970     -1.606248398184      0.772152363109      0.484504980001      0.409969256233
     -0.092384026767     -0.815410252348     -0.718520619105      0.591526809325      0.307702055289      0.717576873673
      0.682663343705     -1.546015221582     -0.746417729203     -0.220185148248     -0.245184348283      0.085767431790
      1.615794671653     -1.632787714805     -1.541072068413      2.129990611938     -0.079847218819     -0.491317222348
      2.406572527364     -0.826339937983     -1.577691720196      0.773250376346     -0.743317522195      1.140414723801
      1.624599899947     -0.775801226631     -0.800552670491     -0.985507017682      0.471920579049      0.178171224975
      2.435597699488     -1.598358867738     -0.690137138043     -0.385457056577     -0.164752827769     -0.698083231563
      3.155494341457     -0.077552789101     -1.538685873047     -0.844810003233     -0.311690154892     -0.232009465486
     -2.439775675646      0.746830129372     -1.542527773820      0.614328796220     -0.118475058736      0.224214606515
      3.163928095565      0.797760457222     -0.814506258120      0.304437342385      0.868129995873     -0.387138701718
     -2.428266191531     -0.089458729194     -0.724714124246     -0.717098031094      0.170285610054      0.291285514867
     -1.512009153497      0.042890823964     -1.641022562923      0.791664829403      0.351021253709     -0.317401041484
     -0.763858872435      0.739267601462     -1.729426818982     -0.114611877632     -0.465400971170      0.505983309509
     -1.619399188409      0.791443554193     -0.784040014707     -0.359352309264     -0.306637476058     -0.551674223663
     -0.806831152111      0.028626690668     -0.811763275239     -0.247409091430     -0.419545229655     -0.655797318224
     -0.051296120292     -0.048173026451     -1.606541137533      0.378650285241      1.466339217726      0.158095836755
      0.741768816939      0.699281287279     -1.648914996963      0.558282561947      0.373412437285      1.152000615221
     -0.011352145099      0.770549563138     -0.914506513526      0.139301842529     -0.126873466567     -0.147023399766
      0.718793219468     -0.078093642859     -0.868364869723     -1.375307585744     -0.070989646770      0.868294980211
      1.728975718411     -0.086678887196     -1.653892931102     -0.605342806402     -0.145287126378     -0.335625820505
      2.431461112870      0.735654047234     -1.647155318198     -0.237147449842     -0.474503039939      1.097893992136
      1.446142045306      0.742294377546     -0.872245957545      0.047978531961     -0.880364213306      0.264792544909
      2.337821828520      0.055231928947     -0.823421037753      2.377201751737     -0.910814351687      0.125268987800
      3.191322158873      1.627241558984     -1.561633716986      0.634228466652      0.534065050563      1.420864588455
     -2.411422294335      2.365596564234     -1.438601813690      0.382097292018     -1.494762546825     -0.251685357837
      3.082443333590      2.437579064281     -0.809109405193     -0.372831529681     -0.498533035035     -1.026466547195
     -2.366047950298      1.501712406140     -0.732492598059      0.721764660262     -0.745857105000     -0.102989205615
     -1.574642051491      1.497294827907     -1.570288158960     -0.670386800971      1.297863438537      0.246467132614
     -0.801212963287      2.396739437628     -1.510520371248     -1.366082346839      0.056029978482      0.100377948511
     -1.543550553805      2.468374189226     -0.781509267393      0.493062720547     -0.345538563382      0.172901714719
     -0.759732165975      1.450945983656     -0.863039763745      0.184645671532     -0.591601792286      0.121018286417
      0.018295741033      1.553505415152     -1.713864270073      0.642330207823     -0.713100118768     -0.194934267737
      0.876346467316      2.401804444025     -1.695342822552      0.295520861343      1.218482077086     -0.000264508206
     -0.018227171430      2.305166558866     -0.860679817353     -0.987870409092     -0.276031249827      0.426270059141
      0.769443489359      1.535962202806     -0.942098453641     -0.815014844464     -0.698666436915      0.264363004620
      1.653434368253      1.591154813844     -1.633474911201      0.049009501092     -0.771915078985     -0.473537493946
      2.394643130263      2.421009185762     -1.617675350501     -1.521025560744      0.504270058269     -0.363132297660
      1.609978590198      2.416748588210     -0.900671408483      0.169005942708     -0.983100529656      0.023257262508
      2.429190099880      1.567691778078     -0.828193803524      0.026676316970     -0.008772102205     -0.000137955607
      3.189225189595      3.137946206493      0.016300893214     -0.184508202362     -0.372575079697     -0.795673330788
     -2.450554674376     -2.356243484942      0.008438954469     -0.333623608143      0.677765832748      0.275989499495
      3.147576649085     -2.401834638496      0.789850869214     -0.871502913652     -0.186115007129     -0.332622258252
     -2.417060599723      3.159797401345      0.725943337407     -0.848836328359     -0.222824262809     -0.453207513176
     -1.616887502311      3.175527219053     -0.024936116920     -0.395031504280     -0.497622638067     -0.319753124540
     -0.801229853211     -2.364576143233     -0.009915921452     -1.405958706017     -0.534929092379      0.976492416144
     -1.557485461480     -2.348056946637      0.730526550145      0.480142745025     -0.064316395430      0.142807983533
     -0.830123552018      3.197174902620      0.690779100000     -0.350833424423     -0.108744061080      0.138016112634
      0.026493087354      3.106229907039     -0.014426800096      0.921473067100     -0.509901637129      0.050127030719
      0.762390181187     -2.397561584806     -0.031192370442     -0.013911147253     -0.335281079136      0.742494840959
     -0.037776349138     -2.370870772272      0.729729061052      1.024375225014      0.626541178141     -1.691639601844
      0.851475172977      3.216293632045      0.806133710156     -0.319635701790     -0.836089655219      0.850455415944
      1.571915972074      3.069744287538     -0.025474461100     -0.489619986334      0.499888364403     -0.478426233438
      2.303872568168     -2.416930305602      0.007254013041     -1.175419678991     -0.354273822454     -0.271966910014
      1.554028706403     -2.369173159961      0.891139072119     -0.227051401058     -0.325658496869     -1.066405991866
      2.379364429867      3.211787215166      0.745017968344     -0.311325572691      0.268218396274     -0.244605960072
      3.111706638814     -1.519492984754      0.083975208017      0.090042081998     -0.211347846651     -0.889724740370
     -2.442642181275     -0.819078124004      0.031512183727     -0.150158890517      0.325247361749      0.820990527768
      3.164886312139     -0.797239483127      0.811334630961      0.949342926702      0.077617569676      0.263847341638
     -2.350279438564     -1.592427937904      0.760905485061      0.279863859440     -0.504953304083     -0.451847261656
     -1.694786575079     -1.578150987390      0.020899749527      1.016835944063      0.256322298450      0.492586652851
     -0.804039089262     -0.766442639832      0.015084905987     -0.259635204330     -0.024038613337     -0.458923263771
     -1.588482674423     -0.868865572627      0.818298130007     -0.197186138130     -0.171517092327      1.285423988579
     -0.750433531488     -1.547077075160      0.779269458867      1.114807066803     -0.225193555718      0.812819617595
     -0.001813327115     -1.646784366426     -0.027707852341      1.565503812905      0.297925797459      0.502756303910
      0.786742465034     -0.751124860505     -0.012662036982      0.981218429803      0.582910474705     -0.977090086190
      0.073726057595     -0.783266398331      0.790718878709     -0.347485820530     -0.047489223620      1.100630137262
      0.728941080243     -1.632246949251      0.838980383312      1.084709455795     -0.238571066044     -0.144815884645
      1.575686552410     -1.500721097048      0.032143940598      0.554280101354     -0.217460353154     -0.252040697723
      2.362341351547     -0.732828706070     -0.013570672787      0.384582290914     -0.228642865526      1.266675456880
      1.582044451413     -0.779905816509      0.759639388530     -0.618660207996      0.178957472807     -0.127774646424
      2.344183372817     -1.627264279093      0.731634575586      0.637081845843     -0.020588260493      0.531089733482
      3.116350288229      0.044403704708      0.003196108186     -0.114775889828     -0.146691281666      0.442685857489
     -2.294259526719      0.719736784899      0.053938952443     -0.063207800830      0.140603328178     -0.353780083953
      3.224745038406      0.699511524246      0.863202151434      0.235291478314      0.555348887891     -0.167623054504
     -2.248326513445     -0.076575615863      0.772464584206      0.820005023568     -1.241119350136     -1.629200120793
     -1.514626010983      0.028891292862     -0.003836396763     -1.633810961986     -0.551432127584      0.114589713874
     -0.766882657565      0.882499212778      0.014638716239      1.029599614687      0.009982691331      0.047334470052
     -1.524398249116      0.744761934021      0.897297783929     -0.262632750521      0.506405630002      0.924124832162
     -0.714241801169      0.011854833896      0.813308072117     -0.765588727984      0.427557267616      0.597692296025
     -0.050936006615      0.155193146618      0.058927379853      0.413527861719     -0.576941153381      0.485964439646
      0.796193292790      0.853150933755     -0.076633820346      0.728124871489     -0.046097029089     -0.150642328028
      0.075007713247      0.865587130064      0.826235570962     -0.372074307380     -0.548165530003      0.694075220380
      0.729761988601     -0.002181946077      0.824022163562      0.120430886297     -0.268660096593     -0.702091134243
      1.541256576058      0.002423989239     -0.084078971815     -0.187201963453      1.024573072350      0.207790567421
      2.428202739530      0.892067092484     -0.102680156918     -0.140859306017     -0.558137119705     -0.154336870725
      1.571695006280      0.828993588297      0.830796694940     -0.584342895965      0.830309177433      0.223020682931
      2.311279452366      0.013545767106      0.735614945378     -0.574545350297     -1.096493693958     -1.140254635795
      3.201666736678      1.581350624761      0.013445833609      0.641941987381      0.906283305627      1.078068570265
     -2.403123085213      2.299016089948      0.011749444919     -0.320523609313     -1.002254535612     -0.204837393568
      3.150300752509      2.423250849981      0.852318314517     -0.038884995441      1.810746562851      0.347112994863
     -2.452755496114      1.530957898398      0.816647726025     -0.403275127477     -0.568541075388      0.151854899061
     -1.546795095979      1.559620128041     -0.116255827989     -0.168809624940     -0.209902016614      0.157588192337
     -0.807009087445      2.459903298090     -0.102732989079     -1.106296972862     -0.765285458273     -2.454069478596
     -1.639057855853      2.344910457101      0.760139271620      0.894815637435      0.335261847951      0.184245547032
     -0.750452004800      1.525559253554      0.796955257320     -0.543668863531      0.463216531965     -0.326310584429
     -0.026491616327      1.678801998299     -0.004509286107      0.216569967654      0.136793903797     -1.673068238915
      0.774080865808      2.333090126547     -0.152086115091     -0.769930944975      0.973735146721     -0.382626372423
     -0.053449569504      2.455291968124      0.816877337521     -0.275737915717     -0.620004833330      0.854640260472
      0.788303699758      1.669065202516      0.759795022876      0.034060229890     -0.156568431806      0.841264005383
      1.627271256011      1.715054875788     -0.087655935497     -1.123470568990      0.775123553054     -0.263056492966
      2.410523072996      2.441579865719      0.046564028920      0.199640793802      0.076893821274      0.943589858055
      1.668835763408      2.446017043506      0.858388000654     -0.218325848472     -1.262865498640      0.300673738060
      2.388338067793      1.555001741536      0.832993422398      0.908604893919      0.487722348562     -0.374572822616
      3.186526810318      3.177088345867      1.650733173908      1.135424656020     -0.818747997567     -0.681056829366
     -2.337569096491     -2.332289992571      1.520307394303      0.218525010863      1.177068795275      0.716028400393
      3.171761601119     -2.402661569981      2.297951960489      0.707569730603     -0.994072364293      0.212380469787
     -2.356732820226      3.239692449918      2.389526246865      0.787030464947      0.017829264294      0.110634460008
     -1.539354281827      3.238310404394      1.457637546373      0.287908131865     -0.061550306420      0.327988218198
     -0.723695125172     -2.363833093764      1.576852609784     -0.181180550502     -0.024997246165      0.456330891114
     -1.547956519760     -2.414884965010      2.312448901486     -0.063517574851      0.447665781459     -0.423685285971
     -0.786179243616      3.241018540031      2.430569798193      0.092007657737     -0.966537911602     -0.087944621929
     -0.036337522750      3.225860644354      1.607767497901     -0.480519183352     -0.164074551453     -0.386004385655
      0.740507000427     -2.386630924865      1.651248689427      0.291898245101     -0.308949646317     -0.141291049656
     -0.046637359713     -2.308496984384      2.394246520623      0.287977447919     -0.631402995900      0.082709060137
      0.742478805929      3.145572280132      2.411964041313     -0.361711108948     -0.166491764805      0.445808316578
      1.547089536096      3.167075830504      1.621191175518      0.387046263590      0.399600587731      0.055107668747
      2.358652953235     -2.400880761293      1.639244918691      1.417688939168     -0.157655481395      0.846194428058
      1.584670435148     -2.379169130182      2.378591402743      0.728243121597      0.451194102806     -1.171660385480
      2.381082079339      3.231126826706      2.451042152347     -0.269526030310      0.189475144117     -0.837854725325
      3.102926954944     -1.640041831772      1.521248094148      0.465774975306      0.702266820499      0.221831208902
     -2.360713352685     -0.880795646358      1.544460527657      0.011423681602     -1.122856781272     -1.090436683195
      3.193585796954     -0.771160560092      2.427836976312      0.175137967446     -0.093583094419      1.200700736631
     -2.297649484892     -1.689244470101      2.360445682241      0.231940834927     -0.305369054668     -0.165854541494
     -1.552753892358     -1.637052634295      1.608121158071      0.004747614910      0.106541457027      0.274400960214
     -0.770220121669     -0.839890707187      1.567949748666      0.643278484913     -1.139772124084      0.303522400452
     -1.562662699380     -0.809820942148      2.338866457452      0.874681396204      0.386773848495      0.512209152241
     -0.887130356493     -1.606435595085      2.444570010951      0.021182603195      0.006628470733      0.520340675790
     -0.018110333955     -1.541808046720      1.632509672592      0.623007005796     -0.481399122134      0.291450991819
      0.819511277290     -0.914086803512      1.551968988194      0.032987261869      0.028145212003     -0.287021736228
     -0.088431245675     -0.812767330617      2.347306354331     -0.676393312669     -1.342840722908      0.092905021898
      0.808575090391     -1.668712496949      2.437306873112     -0.316151401553     -0.695220243399     -0.348309148876
      1.518830747184     -1.631902546331      1.637454082367      0.405689289078      0.448030698316      0.404905847020
      2.334708665621     -0.825942359199      1.552391536093     -0.997232224445      1.364645691699     -0.613612772985
      1.582820696592     -0.802201828321      2.307715629063     -1.679096748423      0.331491810261     -0.121429084651
      2.405491532682     -1.497643869568      2.458915121125      0.634246184995      0.809353041583      0.728619952719
      3.182088644777     -0.051677384603      1.639719358490      0.135023189204      1.210234633418      0.519120325216
     -2.307633166154      0.747453979922      1.630813634548     -0.224953937678      1.467711006488      0.795321394256
      3.244316170449      0.753272108300      2.330649158807     -0.879324232919      0.012658452392     -0.165387435435
     -2.326932511011     -0.099927941405      2.400317648753     -0.516863274547      0.098363903321      0.016868125356
     -1.558211485567      0.016856266877      1.663516594441     -0.214702412515      0.330708769406     -0.822591969905
     -0.774491013789      0.876699479047      1.674123202447      0.227586932030      1.186308138789      0.071449044421
     -1.592631386119      0.878557025050      2.423333812415     -1.114198114925     -0.046320642045     -0.529881298464
     -0.750778721428      0.035283634283      2.467616512965      0.075997931053      0.032024202517      0.171539886991
     -0.044204065434      0.062209985371      1.603915048286     -1.137020327793     -1.565690005665      0.177584115203
      0.836734251434      0.893292934114      1.587669149399      0.279029253280      0.448142398783     -0.529930166854
     -0.001406158857      0.857413133224      2.461974965607     -0.317482569675     -0.539698995400     -0.139615681477
      0.684229845208      0.026046685859      2.311171364964     -0.381820628322     -0.973749009146      0.358491853273
      1.522967940540     -0.069841946681      1.481194467541     -0.492813830447      0.568773642238      0.357383671241
      2.371106372784      0.810835187955      1.672325373005     -0.304509433244      0.922667687626     -0.020211052246
      1.536120767025      0.697880408177      2.390943852602     -0.326769948765      0.216041402846      0.377988924562
      2.269609101569     -0.038434189783      2.358717561533      0.080190782158     -0.135073846538     -0.187534943301
      3.141239317302      1.669164541714      1.578288702792     -0.269091914553     -1.060834156961      1.263308936312
     -2.353072299446      2.370493411861      1.531861377419      0.007897401444      1.237716198881      0.321211293265
      3.175092385898      2.378461540509      2.466627877300      0.938575977324      0.176947808683      0.596463238432
     -2.363736989313      1.614954115216      2.405474707077     -1.108668673848      1.069152857775      0.929504293426
     -1.538423532179      1.671829306099      1.538900752939      0.689052816824     -0.022195825419      1.061924557534
     -0.749479160506      2.483632028888      1.610046989496      0.942316175040     -0.270517269500      0.072361029260
     -1.547938310121      2.368806278578      2.381999208134     -0.801001073870     -0.145211753387      0.983769855830
     -0.780156672869      1.705798125629      2.479113675548      0.979472693535      0.681480751193     -0.538539924740
     -0.085156102410      1.645120076121      1.695122975265      0.103863306325     -0.019739726199      0.044727952334
      0.768020406495      2.326051127885      1.603860395894     -0.199804406463     -0.557261297427      0.286239217727
     -0.074266697026      2.471337640873      2.407597786819     -0.091911511085      1.177658490898     -0.763023225588
      0.736629480308      1.664104792554      2.387534161722     -0.578668938638     -0.708326056515     -0.602403057609
      1.648154995971      1.596453166239      1.668375995831      0.436463259162      0.394337582197      0.141588607742
      2.345749391335      2.434221833430      1.635550399827     -0.116653673503     -0.684716510906     -0.058487916611
      1.566614265679      2.362957430633      2.388600842643      0.154905245431      1.458520264950      0.469010391289
      2.431430548868      1.583759395370      2.389349948042     -0.227984357031     -0.744452127743     -0.338430312738
