UNKNOWN                                                     
      6.349604207873   1
 A         
         256
      3.174802103936      3.174802103936      3.174802103936      0.000000000000      0.000000000000      0.000000000000
     -2.381101577952     -2.381101577952      3.174802103936      0.000000000000      0.000000000000      0.000000000000
      3.174802103936     -2.381101577952     -2.381101577952      0.000000000000      0.000000000000      0.000000000000
     -2.381101577952      3.174802103936     -2.381101577952      0.000000000000      0.000000000000      0.000000000000
     -1.587401051968      3.174802103936      3.174802103936      0.000000000000      0.000000000000      0.000000000000
     -0.793700525984     -2.381101577952      3.174802103936      0.000000000000      0.000000000000      0.000000000000
     -1.587401051968     -2.381101577952     -2.381101577952      0.000000000000      0.000000000000      0.000000000000
     -0.793700525984      3.174802103936     -2.381101577952      0.000000000000      0.000000000000      0.000000000000
      0.000000000000      3.174802103936      3.174802103936      0.000000000000      0.000000000000      0.000000000000
      0.793700525984     -2.381101577952      3.174802103936      0.000000000000      0.000000000000      0.000000000000
      0.000000000000     -2.381101577952     -2.381101577952      0.000000000000      0.000000000000      0.000000000000
      0.793700525984      3.174802103936     -2.381101577952      0.000000000000      0.000000000000      0.000000000000
      1.587401051968      3.174802103936      3.174802103936      0.000000000000      0.000000000000      0.000000000000
      2.381101577952     -2.381101577952      3.174802103936      0.000000000000      0.000000000000      0.000000000000
      1.587401051968     -2.381101577952     -2.381101577952      0.000000000000      0.000000000000      0.000000000000
      2.381101577952      3.174802103936     -2.381101577952      0.000000000000      0.000000000000      0.000000000000
      3.174802103936     -1.587401051968      3.174802103936      0.000000000000      0.000000000000      0.000000000000
     -2.381101577952     -0.793700525984      3.174802103936      0.000000000000      0.000000000000      0.000000000000
      3.174802103936     -0.793700525984     -2.381101577952      0.000000000000      0.000000000000      0.000000000000
     -2.381101577952     -1.587401051968     -2.381101577952      0.000000000000      0.000000000000      0.000000000000
     -1.587401051968     -1.587401051968      3.174802103936      0.000000000000      0.000000000000      0.000000000000
     -0.793700525984     -0.793700525984      3.174802103936      0.000000000000      0.000000000000      0.000000000000
     -1.587401051968     -0.793700525984     -2.381101577952      0.000000000000      0.000000000000      0.000000000000
     -0.793700525984     -1.587401051968     -2.381101577952      0.000000000000      0.000000000000      0.000000000000
      0.000000000000     -1.587401051968      3.174802103936      0.000000000000      0.000000000000      0.000000000000
      0.793700525984     -0.793700525984      3.174802103936      0.000000000000      0.000000000000      0.000000000000
      0.000000000000     -0.793700525984     -2.381101577952      0.000000000000      0.000000000000      0.000000000000
      0.793700525984     -1.587401051968     -2.381101577952      0.000000000000      0.000000000000      0.000000000000
      1.587401051968     -1.587401051968      3.174802103936      0.000000000000      0.000000000000      0.000000000000
      2.381101577952     -0.793700525984      3.174802103936      0.000000000000      0.000000000000      0.000000000000
      1.587401051968     -0.793700525984     -2.381101577952      0.000000000000      0.000000000000      0.000000000000
      2.381101577952     -1.587401051968     -2.381101577952      0.000000000000      0.000000000000      0.000000000000
      3.174802103936      0.000000000000      3.174802103936      0.000000000000      0.000000000000      0.000000000000
     -2.381101577952      0.793700525984      3.174802103936      0.000000000000      0.000000000000      0.000000000000
      3.174802103936      0.793700525984     -2.381101577952      0.000000000000      0.000000000000      0.000000000000
     -2.381101577952      0.000000000000     -2.381101577952      0.000000000000      0.000000000000      0.000000000000
     -1.587401051968      0.000000000000      3.174802103936      0.000000000000      0.000000000000      0.000000000000
     -0.793700525984      0.793700525984      3.174802103936      0.000000000000      0.000000000000      0.000000000000
     -1.587401051968      0.793700525984     -2.381101577952      0.000000000000      0.000000000000      0.000000000000
     -0.793700525984      0.000000000000     -2.381101577952      0.000000000000      0.000000000000      0.000000000000
      0.000000000000      0.000000000000      3.174802103936      0.000000000000      0.000000000000      0.000000000000
      0.793700525984      0.793700525984      3.174802103936      0.000000000000      0.000000000000      0.000000000000
      0.000000000000      0.793700525984     -2.381101577952      0.000000000000      0.000000000000      0.000000000000
      0.793700525984      0.000000000000     -2.381101577952      0.000000000000      0.000000000000      0.000000000000
      1.587401051968      0.000000000000      3.174802103936      0.000000000000      0.000000000000      0.000000000000
      2.381101577952      0.793700525984      3.174802103936      0.000000000000      0.000000000000      0.000000000000
      1.587401051968      0.793700525984     -2.381101577952      0.000000000000      0.000000000000      0.000000000000
      2.381101577952      0.000000000000     -2.381101577952      0.000000000000      0.000000000000      0.000000000000
      3.174802103936      1.587401051968      3.174802103936      0.000000000000      0.000000000000      0.000000000000
     -2.381101577952      2.381101577952      3.174802103936      0.000000000000      0.000000000000      0.000000000000
      3.174802103936      2.381101577952     -2.381101577952      0.000000000000      0.000000000000      0.000000000000
     -2.381101577952      1.587401051968     -2.381101577952      0.000000000000      0.000000000000      0.000000000000
     -1.587401051968      1.587401051968      3.174802103936      0.000000000000      0.000000000000      0.000000000000
     -0.793700525984      2.381101577952      3.174802103936      0.000000000000      0.000000000000      0.000000000000
     -1.587401051968      2.381101577952     -2.381101577952      0.000000000000      0.000000000000      0.000000000000
     -0.793700525984      1.587401051968     -2.381101577952      0.000000000000      0.000000000000      0.000000000000
      0.000000000000      1.587401051968      3.174802103936      0.000000000000      0.000000000000      0.000000000000
      0.793700525984      2.381101577952      3.174802103936      0.000000000000      0.000000000000      0.000000000000
      0.000000000000      2.381101577952     -2.381101577952      0.000000000000      0.000000000000      0.000000000000
      0.793700525984      1.587401051968     -2.381101577952      0.000000000000      0.000000000000      0.000000000000
      1.587401051968      1.587401051968      3.174802103936      0.000000000000      0.000000000000      0.000000000000
      2.381101577952      2.381101577952      3.174802103936      0.000000000000      0.000000000000      0.000000000000
      1.587401051968      2.381101577952     -2.381101577952      0.000000000000      0.000000000000      0.000000000000
      2.381101577952      1.587401051968     -2.381101577952      0.000000000000      0.000000000000      0.000000000000
      3.174802103936      3.174802103936     -1.587401051968      0.000000000000      0.000000000000      0.000000000000
     -2.381101577952     -2.381101577952     -1.587401051968      0.000000000000      0.000000000000      0.000000000000
      3.174802103936     -2.381101577952     -0.793700525984      0.000000000000      0.000000000000      0.000000000000
     -2.381101577952      3.174802103936     -0.793700525984      0.000000000000      0.000000000000      0.000000000000
     -1.587401051968      3.174802103936     -1.587401051968      0.000000000000      0.000000000000      0.000000000000
     -0.793700525984     -2.381101577952     -1.587401051968      0.000000000000      0.000000000000      0.000000000000
     -1.587401051968     -2.381101577952     -0.793700525984      0.000000000000      0.000000000000      0.000000000000
     -0.793700525984      3.174802103936     -0.793700525984      0.000000000000      0.000000000000      0.000000000000
      0.000000000000      3.174802103936     -1.587401051968      0.000000000000      0.000000000000      0.000000000000
      0.793700525984     -2.381101577952     -1.587401051968      0.000000000000      0.000000000000      0.000000000000
      0.000000000000     -2.381101577952     -0.793700525984      0.000000000000      0.000000000000      0.000000000000
      0.793700525984      3.174802103936     -0.793700525984      0.000000000000      0.000000000000      0.000000000000
      1.587401051968      3.174802103936     -1.587401051968      0.000000000000      0.000000000000      0.000000000000
      2.381101577952     -2.381101577952     -1.587401051968      0.000000000000      0.000000000000      0.000000000000
      1.587401051968     -2.381101577952     -0.793700525984      0.000000000000      0.000000000000      0.000000000000
      2.381101577952      3.174802103936     -0.793700525984      0.000000000000      0.000000000000      0.000000000000
      3.174802103936     -1.587401051968     -1.587401051968      0.000000000000      0.000000000000      0.000000000000
     -2.381101577952     -0.793700525984     -1.587401051968      0.000000000000      0.000000000000      0.000000000000
      3.174802103936     -0.793700525984     -0.793700525984      0.000000000000      0.000000000000      0.000000000000
     -2.381101577952     -1.587401051968     -0.793700525984      0.000000000000      0.000000000000      0.000000000000
     -1.587401051968     -1.587401051968     -1.587401051968      0.000000000000      0.000000000000      0.000000000000
     -0.793700525984     -0.793700525984     -1.587401051968      0.000000000000      0.000000000000      0.000000000000
     -1.587401051968     -0.793700525984     -0.793700525984      0.000000000000      0.000000000000      0.000000000000
     -0.793700525984     -1.587401051968     -0.793700525984      0.000000000000      0.000000000000      0.000000000000
      0.000000000000     -1.587401051968     -1.587401051968      0.000000000000      0.000000000000      0.000000000000
      0.793700525984     -0.793700525984     -1.587401051968      0.000000000000      0.000000000000      0.000000000000
      0.000000000000     -0.793700525984     -0.793700525984      0.000000000000      0.000000000000      0.000000000000
      0.793700525984     -1.587401051968     -0.793700525984      0.000000000000      0.000000000000      0.000000000000
      1.587401051968     -1.587401051968     -1.587401051968      0.000000000000      0.000000000000      0.000000000000
      2.381101577952     -0.793700525984     -1.587401051968      0.000000000000      0.000000000000      0.000000000000
      1.587401051968     -0.793700525984     -0.793700525984      0.000000000000      0.000000000000      0.000000000000
      2.381101577952     -1.587401051968     -0.793700525984      0.000000000000      0.000000000000      0.000000000000
      3.174802103936      0.000000000000     -1.587401051968      0.000000000000      0.000000000000      0.000000000000
     -2.381101577952      0.793700525984     -1.587401051968      0.000000000000      0.000000000000      0.000000000000
      3.174802103936      0.793700525984     -0.793700525984      0.000000000000      0.000000000000      0.000000000000
     -2.381101577952      0.000000000000     -0.793700525984      0.000000000000      0.000000000000      0.000000000000
     -1.587401051968      0.000000000000     -1.587401051968      0.000000000000      0.000000000000      0.000000000000
     -0.793700525984      0.793700525984     -1.587401051968      0.000000000000      0.000000000000      0.000000000000
     -1.587401051968      0.793700525984     -0.793700525984      0.000000000000      0.000000000000      0.000000000000
     -0.793700525984      0.000000000000     -0.793700525984      0.000000000000      0.000000000000      0.000000000000
      0.000000000000      0.000000000000     -1.587401051968      0.000000000000      0.000000000000      0.000000000000
      0.793700525984      0.793700525984     -1.587401051968      0.000000000000      0.000000000000      0.000000000000
      0.000000000000      0.793700525984     -0.793700525984      0.000000000000      0.000000000000      0.000000000000
      0.793700525984      0.000000000000     -0.793700525984      0.000000000000      0.000000000000      0.000000000000
      1.587401051968      0.000000000000     -1.587401051968      0.000000000000      0.000000000000      0.000000000000
      2.381101577952      0.793700525984     -1.587401051968      0.000000000000      0.000000000000      0.000000000000
      1.587401051968      0.793700525984     -0.793700525984      0.000000000000      0.000000000000      0.000000000000
      2.381101577952      0.000000000000     -0.793700525984      0.000000000000      0.000000000000      0.000000000000
      3.174802103936      1.587401051968     -1.587401051968      0.000000000000      0.000000000000      0.000000000000
     -2.381101577952      2.381101577952     -1.587401051968      0.000000000000      0.000000000000      0.000000000000
      3.174802103936      2.381101577952     -0.793700525984      0.000000000000      0.000000000000      0.000000000000
     -2.381101577952      1.587401051968     -0.793700525984      0.000000000000      0.000000000000      0.000000000000
     -1.587401051968      1.587401051968     -1.587401051968      0.000000000000      0.000000000000      0.000000000000
     -0.793700525984      2.381101577952     -1.587401051968      0.000000000000      0.000000000000      0.000000000000
     -1.587401051968      2.381101577952     -0.793700525984      0.000000000000      0.000000000000      0.000000000000
     -0.793700525984      1.587401051968     -0.793700525984      0.000000000000      0.000000000000      0.000000000000
      0.000000000000      1.587401051968     -1.587401051968      0.000000000000      0.000000000000      0.000000000000
      0.793700525984      2.381101577952     -1.587401051968      0.000000000000      0.000000000000      0.000000000000
      0.000000000000      2.381101577952     -0.793700525984      0.000000000000      0.000000000000      0.000000000000
      0.793700525984      1.587401051968     -0.793700525984      0.000000000000      0.000000000000      0.000000000000
      1.587401051968      1.587401051968     -1.587401051968      0.000000000000      0.000000000000      0.000000000000
      2.381101577952      2.381101577952     -1.587401051968      0.000000000000      0.000000000000      0.000000000000
      1.587401051968      2.381101577952     -0.793700525984      0.000000000000      0.000000000000      0.000000000000
      2.381101577952      1.587401051968     -0.793700525984      0.000000000000      0.000000000000      0.000000000000
      3.174802103936      3.174802103936      0.000000000000      0.000000000000      0.000000000000      0.000000000000
     -2.381101577952     -2.381101577952      0.000000000000      0.000000000000      0.000000000000      0.000000000000
      3.174802103936     -2.381101577952      0.793700525984      0.000000000000      0.000000000000      0.000000000000
     -2.381101577952      3.174802103936      0.793700525984      0.000000000000      0.000000000000      0.000000000000
     -1.587401051968      3.174802103936      0.000000000000      0.000000000000      0.000000000000      0.000000000000
     -0.793700525984     -2.381101577952      0.000000000000      0.000000000000      0.000000000000      0.000000000000
     -1.587401051968     -2.381101577952      0.793700525984      0.000000000000      0.000000000000      0.000000000000
     -0.793700525984      3.174802103936      0.793700525984      0.000000000000      0.000000000000      0.000000000000
      0.000000000000      3.174802103936      0.000000000000      0.000000000000      0.000000000000      0.000000000000
      0.793700525984     -2.381101577952      0.000000000000      0.000000000000      0.000000000000      0.000000000000
      0.000000000000     -2.381101577952      0.793700525984      0.000000000000      0.000000000000      0.000000000000
      0.793700525984      3.174802103936      0.793700525984      0.000000000000      0.000000000000      0.000000000000
      1.587401051968      3.174802103936      0.000000000000      0.000000000000      0.000000000000      0.000000000000
      2.381101577952     -2.381101577952      0.000000000000      0.000000000000      0.000000000000      0.000000000000
      1.587401051968     -2.381101577952      0.793700525984      0.000000000000      0.000000000000      0.000000000000
      2.381101577952      3.174802103936      0.793700525984      0.000000000000      0.000000000000      0.000000000000
      3.174802103936     -1.587401051968      0.000000000000      0.000000000000      0.000000000000      0.000000000000
     -2.381101577952     -0.793700525984      0.000000000000      0.000000000000      0.000000000000      0.000000000000
      3.174802103936     -0.793700525984      0.793700525984      0.000000000000      0.000000000000      0.000000000000
     -2.381101577952     -1.587401051968      0.793700525984      0.000000000000      0.000000000000      0.000000000000
     -1.587401051968     -1.587401051968      0.000000000000      0.000000000000      0.000000000000      0.000000000000
     -0.793700525984     -0.793700525984      0.000000000000      0.000000000000      0.000000000000      0.000000000000
     -1.587401051968     -0.793700525984      0.793700525984      0.000000000000      0.000000000000      0.000000000000
     -0.793700525984     -1.587401051968      0.793700525984      0.000000000000      0.000000000000      0.000000000000
      0.000000000000     -1.587401051968      0.000000000000      0.000000000000      0.000000000000      0.000000000000
      0.793700525984     -0.793700525984      0.000000000000      0.000000000000      0.000000000000      0.000000000000
      0.000000000000     -0.793700525984      0.793700525984      0.000000000000      0.000000000000      0.000000000000
      0.793700525984     -1.587401051968      0.793700525984      0.000000000000      0.000000000000      0.000000000000
      1.587401051968     -1.587401051968      0.000000000000      0.000000000000      0.000000000000      0.000000000000
      2.381101577952     -0.793700525984      0.000000000000      0.000000000000      0.000000000000      0.000000000000
      1.587401051968     -0.793700525984      0.793700525984      0.000000000000      0.000000000000      0.000000000000
      2.381101577952     -1.587401051968      0.793700525984      0.000000000000      0.000000000000      0.000000000000
      3.174802103936      0.000000000000      0.000000000000      0.000000000000      0.000000000000      0.000000000000
     -2.381101577952      0.793700525984      0.000000000000      0.000000000000      0.000000000000      0.000000000000
      3.174802103936      0.793700525984      0.793700525984      0.000000000000      0.000000000000      0.000000000000
     -2.381101577952      0.000000000000      0.793700525984      0.000000000000      0.000000000000      0.000000000000
     -1.587401051968      0.000000000000      0.000000000000      0.000000000000      0.000000000000      0.000000000000
     -0.793700525984      0.793700525984      0.000000000000      0.000000000000      0.000000000000      0.000000000000
     -1.587401051968      0.793700525984      0.793700525984      0.000000000000      0.000000000000      0.000000000000
     -0.793700525984      0.000000000000      0.793700525984      0.000000000000      0.000000000000      0.000000000000
      0.000000000000      0.000000000000      0.000000000000      0.000000000000      0.000000000000      0.000000000000
      0.793700525984      0.793700525984      0.000000000000      0.000000000000      0.000000000000      0.000000000000
      0.000000000000      0.793700525984      0.793700525984      0.000000000000      0.000000000000      0.000000000000
      0.793700525984      0.000000000000      0.793700525984      0.000000000000      0.000000000000      0.000000000000
      1.587401051968      0.000000000000      0.000000000000      0.000000000000      0.000000000000      0.000000000000
      2.381101577952      0.793700525984      0.000000000000      0.000000000000      0.000000000000      0.000000000000
      1.587401051968      0.793700525984      0.793700525984      0.000000000000      0.000000000000      0.000000000000
      2.381101577952      0.000000000000      0.793700525984      0.000000000000      0.000000000000      0.000000000000
      3.174802103936      1.587401051968      0.000000000000      0.000000000000      0.000000000000      0.000000000000
     -2.381101577952      2.381101577952      0.000000000000      0.000000000000      0.000000000000      0.000000000000
      3.174802103936      2.381101577952      0.793700525984      0.000000000000      0.000000000000      0.000000000000
     -2.381101577952      1.587401051968      0.793700525984      0.000000000000      0.000000000000      0.000000000000
     -1.587401051968      1.587401051968      0.000000000000      0.000000000000      0.000000000000      0.000000000000
     -0.793700525984      2.381101577952      0.000000000000      0.000000000000      0.000000000000      0.000000000000
     -1.587401051968      2.381101577952      0.793700525984      0.000000000000      0.000000000000      0.000000000000
     -0.793700525984      1.587401051968      0.793700525984      0.000000000000      0.000000000000      0.000000000000
      0.000000000000      1.587401051968      0.000000000000      0.000000000000      0.000000000000      0.000000000000
      0.793700525984      2.381101577952      0.000000000000      0.000000000000      0.000000000000      0.000000000000
      0.000000000000      2.381101577952      0.793700525984      0.000000000000      0.000000000000      0.000000000000
      0.793700525984      1.587401051968      0.793700525984      0.000000000000      0.000000000000      0.000000000000
      1.587401051968      1.587401051968      0.000000000000      0.000000000000      0.000000000000      0.000000000000
      2.381101577952      2.381101577952      0.000000000000      0.000000000000      0.000000000000      0.000000000000
      1.587401051968      2.381101577952      0.793700525984      0.000000000000      0.000000000000      0.000000000000
      2.381101577952      1.587401051968      0.793700525984      0.000000000000      0.000000000000      0.000000000000
      3.174802103936      3.174802103936      1.587401051968      0.000000000000      0.000000000000      0.000000000000
     -2.381101577952     -2.381101577952      1.587401051968      0.000000000000      0.000000000000      0.000000000000
      3.174802103936     -2.381101577952      2.381101577952      0.000000000000      0.000000000000      0.000000000000
     -2.381101577952      3.174802103936      2.381101577952      0.000000000000      0.000000000000      0.000000000000
     -1.587401051968      3.174802103936      1.587401051968      0.000000000000      0.000000000000      0.000000000000
     -0.793700525984     -2.381101577952      1.587401051968      0.000000000000      0.000000000000      0.000000000000
     -1.587401051968     -2.381101577952      2.381101577952      0.000000000000      0.000000000000      0.000000000000
     -0.793700525984      3.174802103936      2.381101577952      0.000000000000      0.000000000000      0.000000000000
      0.000000000000      3.174802103936      1.587401051968      0.000000000000      0.000000000000      0.000000000000
      0.793700525984     -2.381101577952      1.587401051968      0.000000000000      0.000000000000      0.000000000000
      0.000000000000     -2.381101577952      2.381101577952      0.000000000000      0.000000000000      0.000000000000
      0.793700525984      3.174802103936      2.381101577952      0.000000000000      0.000000000000      0.000000000000
      1.587401051968      3.174802103936      1.587401051968      0.000000000000      0.000000000000      0.000000000000
      2.381101577952     -2.381101577952      1.587401051968      0.000000000000      0.000000000000      0.000000000000
      1.587401051968     -2.381101577952      2.381101577952      0.000000000000      0.000000000000      0.000000000000
      2.381101577952      3.174802103936      2.381101577952      0.000000000000      0.000000000000      0.000000000000
      3.174802103936     -1.587401051968      1.587401051968      0.000000000000      0.000000000000      0.000000000000
     -2.381101577952     -0.793700525984      1.587401051968      0.000000000000      0.000000000000      0.000000000000
      3.174802103936     -0.793700525984      2.381101577952      0.000000000000      0.000000000000      0.000000000000
     -2.381101577952     -1.587401051968      2.381101577952      0.000000000000      0.000000000000      0.000000000000
     -1.587401051968     -1.587401051968      1.587401051968      0.000000000000      0.000000000000      0.000000000000
     -0.793700525984     -0.793700525984      1.587401051968      0.000000000000      0.000000000000      0.000000000000
     -1.587401051968     -0.793700525984      2.381101577952      0.000000000000      0.000000000000      0.000000000000
     -0.793700525984     -1.587401051968      2.381101577952      0.000000000000      0.000000000000      0.000000000000
      0.000000000000     -1.587401051968      1.587401051968      0.000000000000      0.000000000000      0.000000000000
      0.793700525984     -0.793700525984      1.587401051968      0.000000000000      0.000000000000      0.000000000000
      0.000000000000     -0.793700525984      2.381101577952      0.000000000000      0.000000000000      0.000000000000
      0.793700525984     -1.587401051968      2.381101577952      0.000000000000      0.000000000000      0.000000000000
      1.587401051968     -1.587401051968      1.587401051968      0.000000000000      0.000000000000      0.000000000000
      2.381101577952     -0.793700525984      1.587401051968      0.000000000000      0.000000000000      0.000000000000
      1.587401051968     -0.793700525984      2.381101577952      0.000000000000      0.000000000000      0.000000000000
      2.381101577952     -1.587401051968      2.381101577952      0.000000000000      0.000000000000      0.000000000000
      3.174802103936      0.000000000000      1.587401051968      0.000000000000      0.000000000000      0.000000000000
     -2.381101577952      0.793700525984      1.587401051968      0.000000000000      0.000000000000      0.000000000000
      3.174802103936      0.793700525984      2.381101577952      0.000000000000      0.000000000000      0.000000000000
     -2.381101577952      0.000000000000      2.381101577952      0.000000000000      0.000000000000      0.000000000000
     -1.587401051968      0.000000000000      1.587401051968      0.000000000000      0.000000000000      0.000000000000
     -0.793700525984      0.793700525984      1.587401051968      0.000000000000      0.000000000000      0.000000000000
     -1.587401051968      0.793700525984      2.381101577952      0.000000000000      0.000000000000      0.000000000000
     -0.793700525984      0.000000000000      2.381101577952      0.000000000000      0.000000000000      0.000000000000
      0.000000000000      0.000000000000      1.587401051968      0.000000000000      0.000000000000      0.000000000000
      0.793700525984      0.793700525984      1.587401051968      0.000000000000      0.000000000000      0.000000000000
      0.000000000000      0.793700525984      2.381101577952      0.000000000000      0.000000000000      0.000000000000
      0.793700525984      0.000000000000      2.381101577952      0.000000000000      0.000000000000      0.000000000000
      1.587401051968      0.000000000000      1.587401051968      0.000000000000      0.000000000000      0.000000000000
      2.381101577952      0.793700525984      1.587401051968      0.000000000000      0.000000000000      0.000000000000
      1.587401051968      0.793700525984      2.381101577952      0.000000000000      0.000000000000      0.000000000000
      2.381101577952      0.000000000000      2.381101577952      0.000000000000      0.000000000000      0.000000000000
      3.174802103936      1.587401051968      1.587401051968      0.000000000000      0.000000000000      0.000000000000
     -2.381101577952      2.381101577952      1.587401051968      0.000000000000      0.000000000000      0.000000000000
      3.174802103936      2.381101577952      2.381101577952      0.000000000000      0.000000000000      0.000000000000
     -2.381101577952      1.587401051968      2.381101577952      0.000000000000      0.000000000000      0.000000000000
     -1.587401051968      1.587401051968      1.587401051968      0.000000000000      0.000000000000      0.000000000000
     -0.793700525984      2.381101577952      1.587401051968      0.000000000000      0.000000000000      0.000000000000
     -1.587401051968      2.381101577952      2.381101577952      0.000000000000      0.000000000000      0.000000000000
     -0.793700525984      1.587401051968      2.381101577952      0.000000000000      0.000000000000      0.000000000000
      0.000000000000      1.587401051968      1.587401051968      0.000000000000      0.000000000000      0.000000000000
      0.793700525984      2.381101577952      1.587401051968      0.000000000000      0.000000000000      0.000000000000
      0.000000000000      2.381101577952      2.381101577952      0.000000000000      0.000000000000      0.000000000000
      0.793700525984      1.587401051968      2.381101577952      0.000000000000      0.000000000000      0.000000000000
      1.587401051968      1.587401051968      1.587401051968      0.000000000000      0.000000000000      0.000000000000
      2.381101577952      2.381101577952      1.587401051968      0.000000000000      0.000000000000      0.000000000000
      1.587401051968      2.381101577952      2.381101577952      0.000000000000      0.000000000000      0.000000000000
      2.381101577952      1.587401051968      2.381101577952      0.000000000000      0.000000000000      0.000000000000
