                   EWALD(mdff)                      |                    DIRECT (mdff)                  |                       GULP
       vxx          vyy          vzz          eta   |      vxx          vyy          vzz          eta   |      vxx          vyy          vzz          eta
-----------------------------------------------------------------------------------------------------------------------------------------------------------------       
 -1.14476855  -1.05873961   2.20350816   0.03904180  -1.14476853  -1.05873959   2.20350812   0.03904181      15.2454      16.4848     -31.7301       0.0391
 -1.08329937  -0.91649950   1.99979887   0.08340832  -1.08329935  -0.91649948   1.99979883   0.08340832      13.1974      15.5994     -28.7968       0.0834
 -1.63461703  -1.42489904   3.05951607   0.06854613  -1.63461702  -1.42489903   3.05951605   0.06854613      20.5185      23.5380     -44.0565       0.0685
 -1.01564685  -0.83624865   1.85189551   0.09687274  -1.01564683  -0.83624864   1.85189547   0.09687274      12.0418      14.6251     -26.6669       0.0969
 -0.75523093  -0.59883246   1.35406339   0.11550306  -0.75523091  -0.59883245   1.35406336   0.11550306       8.6231      10.8748     -19.4979       0.1155
 -1.67584906  -1.53909781   3.21494687   0.04253609  -1.67584905  -1.53909780   3.21494686   0.04253609      22.1626      24.1320     -46.2946       0.0425
 -0.69020470  -0.53503148   1.22523618   0.12664760  -0.69020469  -0.53503147   1.22523616   0.12664760       7.7041       9.9389     -17.6430       0.1267
 -1.18692065  -1.16183726   2.34875791   0.01067943  -1.18692064  -1.16183724   2.34875788   0.01067943      16.7300      17.0914     -33.8214       0.0107
  0.23990568   0.05715330  -0.29705898   0.61520572   0.23990568   0.05715330  -0.29705898   0.61520572      -0.8228      -3.4544       4.2772       0.6153
