ex7                                                                             
         2         1       256  -148444.676049    
     22.877600000000      0.000000000000      0.000000000000
      0.000000000000     22.877600000000      0.000000000000
      0.000000000000      0.000000000000     22.877600000000
Ar               1
    -4.675372686        -7.058050752         1.526947683    
   2.24771423313       1.00611036802      0.745041999175    
   172.295120242       319.500530110      -149.147264893    
Ar               2
     7.732889109       -0.3086507143        -6.392165758    
 -0.187467605240E-01  0.618670374889      0.664143313057    
  -103.038212252      -248.814149961       219.885361834    
Ar               3
     4.838590454        -6.876649593        0.1207258628    
   4.53255243762      0.315425869875       1.54752944553    
  -194.547202506       118.886020535      -530.876796327    
Ar               4
     11.36364565         9.110003334       -0.6027156871    
 -0.392027989644      0.638045482941      0.256091075280    
   145.735877405       114.041189580       68.3347675513    
Ar               5
    -10.67844170        -8.728986589        -11.24751880    
 -0.859226867090      0.279533800211     -0.944352939674    
   93.4320952307      -346.251115108       355.507049006    
Ar               6
    -4.442261223         5.203540921        -7.712173251    
  -2.62484562324     -0.471249131992      -1.02753171470    
   164.524314921      -181.239339137       835.278106079    
Ar               7
     3.534623828         3.180843397         2.308911782    
 -0.165564826560      0.220751924420E-01  0.634307045578E-01
   368.526448235       361.207649158      -678.092448581    
Ar               8
    -7.623406262         10.94127438        -4.273421822    
   1.26531100538      0.763762570976E-01  -1.47620039172    
   446.953586507       7.90716768706       32.9709489493    
Ar               9
    -6.876954505         7.187993777        -4.199088815    
  0.284793043610       1.32166701941       2.35154670777    
   289.577995739      -149.819014535      -93.2276355544    
Ar              10
    -4.766387809         1.222659440        -5.783619673    
  -2.95893442732       1.01773030980       1.59941155666    
   491.955243036      -77.3993989395      -119.405548761    
Ar              11
    -10.30798777         8.261553443        -3.970518343    
  0.381093280869       1.35901853067       1.00051100005    
  -266.109611330       103.347798625       303.759888930    
Ar              12
    -3.866821287       -0.1398781579         1.779842512    
  0.674020600925       1.80982404317      0.990283252513    
   134.897985046      -67.7342560465      -274.656964358    
Ar              13
     9.067796994         1.116199266         7.706761601    
 -0.827035619895E-01  -2.12711528859      0.611247712235E-01
   361.496062165      -317.159047515      -813.742830397    
Ar              14
   -0.7147689720        -5.503549959         1.634220555    
 -0.135272869992     -0.539334106847E-02  -1.81095641461    
  -223.899120325       168.786480551       16.3685707951    
Ar              15
     10.75645757        -1.563364013         5.376189320    
 -0.492502319653      0.495057895972      -2.33818454043    
  -230.590312302       1413.51746997       232.796913858    
Ar              16
    -4.192032923        -7.057776343         5.041475361    
 -0.240387688075       3.09894827882       1.70656710204    
   386.780602819       387.948705700      -487.410639230    
Ar              17
     7.099715088         5.017439041        -7.740658571    
 -0.926558346367       1.20624724536      -1.37583837939    
   253.872403195       47.6777866996       162.923302346    
Ar              18
    -1.609449991         6.293515459         8.141276730    
  -1.11394988789     -0.233784320734      -2.02694564271    
  -753.351471611       366.544420715      -637.886807190    
Ar              19
     8.939912224         4.516819814         7.227663509    
  -1.26077997161      0.922228741848      -1.23665170445    
  -404.505967241       1294.94663408      -359.620182609    
Ar              20
     8.575694782        -9.648270134        -7.190683307    
   1.07429992470      -1.56292102927      -1.02392633181    
   290.916594401       217.888533359       649.299591192    
Ar              21
     5.334494270         1.566383606        -4.096309793    
   1.04521726745     -0.578085027161       1.27307993358    
  -89.0733537254      -292.285821738       281.570826189    
Ar              22
     8.694481156        -8.908538199        -10.57659565    
   1.72150005271      -1.28753485697      -2.30645110381    
   124.313600041      -21.4636908767      -548.986663803    
Ar              23
    -9.099381527         11.36290822         5.014529764    
  -2.22062089824      -2.25371931528       1.41624180191    
   167.983873329      -303.383668523      -68.3069247358    
Ar              24
     10.44987949        -5.808377547        -9.539092535    
 -0.417496736512      -1.22474053597      -2.68181211624    
   592.918872206       152.944101267      -179.637528517    
Ar              25
    -4.575259236         9.451044157        -6.163526308    
 -0.554009556380       2.02442932064       1.51199947554    
  -1284.51079474       343.715125056      -355.705669940    
Ar              26
     1.537112229        -1.277508665        -2.843796935    
 -0.971619537576     -0.589401884327     -0.716312534544    
  -196.615648171       275.133792786      -566.900593129    
Ar              27
     10.13797182         5.626250854        -5.167455380    
   2.57806058458       2.60166729980       3.41762493801    
  -147.588194308       202.899747672      -32.4828778998    
Ar              28
    -1.652150697         8.201578278         2.077646154    
  -1.76773803886      -1.76882155450      0.576574742587    
  -582.702749318      -433.170875744      -271.870023947    
Ar              29
     1.317856716        -1.493451703         10.38420209    
  -3.20352523297      0.117945703716     -0.488893701452    
  -3.28808931702       71.0655844330      -254.309606518    
Ar              30
     4.843291794        -3.342410330         9.456011581    
  -2.06961256087      -1.23620136858      -1.31274171306    
   170.183181858      -441.092997085       539.048830029    
Ar              31
    -3.361418135       -0.5370962952         8.462741864    
   1.00664614937       1.88314267469      -2.39713383604    
   126.810838238       456.087677945       878.335703626    
Ar              32
     5.603510023         11.39402497        -3.314078937    
  -1.03125261617      0.445561144192       1.42200156549    
  -368.401013542      -300.667955341      -394.730800648    
Ar              33
     6.100344340         10.81167650        -7.491764311    
 -0.234963573097E-03  -1.18712038862      -1.02224945472    
   164.472507059       224.723400648      -386.627732337    
Ar              34
     6.468782899        -5.363538420         6.933298900    
 -0.537099269447E-01 -0.910371232563      0.158165102944    
  -240.481621224       54.6910737718      -24.9513914762    
Ar              35
    -7.111938939        0.7346623167         2.596468480    
   1.34605427124      -1.62357190715      -3.26933962214    
  -373.033351886      -347.969069484      -185.466394725    
Ar              36
     9.181265097        -5.039411368        -1.580536020    
  -1.75679090942       1.96302145472      0.680323382563E-01
   25.0357280493       541.078888969      -235.678056242    
Ar              37
     8.956409039       -0.8490071319        -1.806839381    
  -1.03026482152      -2.17642039059     -0.224933611733    
  -581.977319919      -166.044717244       425.274812240    
Ar              38
    -10.21544930        -7.215873964        -3.020274898    
   1.85300234349       3.68086270745       1.87964830742    
  -187.502410157      -207.365028029       608.105431875    
Ar              39
     4.446539879       -0.7737320206         3.167789627    
   1.39788800376      -2.09287222726      -1.10245489983    
   560.251567649       309.739114068      -146.918939091    
Ar              40
     3.831550495        -5.293291758        -4.135927217    
  0.690241759625       1.11878996388      -1.47601282414    
  -746.479169167      -374.752600640      -581.660794379    
Ar              41
     9.573391432         9.405745579        -6.078676234    
 -0.256493756298     -0.526077652776     -0.955227520315    
  -386.136660468      -309.630247790       174.867879060    
Ar              42
    -7.700333177         2.435868133         8.250570418    
 -0.723477075775      -1.56277981873       1.21904925858    
   405.605657089      -483.549525508       391.393920563    
Ar              43
     3.935949763         2.353577388         5.661793316    
  -2.90677951224       2.51637671693      0.804077983841E-01
   1207.31384602      -401.883107761      -359.026793942    
Ar              44
    -3.497454730         5.027804801        -3.597273668    
  0.123542004884       1.37128546177      0.895939757197    
  -126.015396957      -95.7346033807      -116.225139111    
Ar              45
    -7.806259010        -1.299950481        -9.984702757    
   1.74193364448     -0.299953136269      -1.39002363857    
  -8.64581609278      -373.129582669       465.032105986    
Ar              46
     10.69651224         10.72186572         6.378827937    
  -4.43156924668      0.733745963553       3.70917783159    
  -403.254377364       192.765074202      -462.607163284    
Ar              47
     10.71506775        -10.85131765         2.323740783    
  -1.12115610711      -1.01488939013       1.16960437460    
   38.8997700116       81.8545045367       31.5061856191    
Ar              48
     4.259329627         9.411201040       -0.2852536594    
 -0.967017098780      0.334912439037      -1.71467186568    
  -374.000115129       722.398908648      -154.860988387    
Ar              49
     4.038245198        -6.217784678         11.32919020    
  0.960388463392E-02 -0.490457314500      0.245105722242    
  -627.828970966       1090.95610560       584.751849637    
Ar              50
    -6.634898620        -3.050651683        -4.735841126    
 -0.600964516894      0.619698045709     -0.440477433312    
  -30.0893786163      -8.03516303652       19.5814096388    
Ar              51
    -4.435470524         9.142371745         7.794648330    
   1.76129401865     -0.374710949087      0.461461774422    
   790.611815453       261.246374037       8.60168851083    
Ar              52
    -5.304358655         5.851837143         9.978392267    
 -0.362519201242       2.30261648969      -2.80149676667    
   230.054600574       46.6674026261      -27.9106509024    
Ar              53
     5.739224529        -3.761546208        -1.815511111    
  0.873445926036      0.969270817903      0.954973243368E-01
   480.134592760       470.431053518       537.564815450    
Ar              54
     7.498751442         2.250187665         4.256367922    
  -2.38166853488     -0.425152956358     -0.772106699103    
  -187.660045115      -127.189812974       91.2497466104    
Ar              55
    -3.536148075         6.979941424         5.164997022    
  -1.26680408508     -0.191745472032     -0.711918681092E-01
   118.476571254      -505.596796691      -455.267817262    
Ar              56
     9.603462676        -4.674831537         5.474190795    
  -3.99565269261      -1.28722326476     -0.636999155133    
  -18.5700031760      -1097.37088049       42.2041570527    
Ar              57
    -6.164920882         2.577926816        -9.055451320    
   2.04346828386      0.124679751852     -0.659755545127    
   1014.17519705      -75.7852459847       409.502656352    
Ar              58
     4.127217905        -9.322894332        -5.944908198    
  0.306878577713      0.824532046873     -0.538797770183    
  -59.9578434159       106.839843273      -18.1541639192    
Ar              59
    0.7337633803         1.360186041         3.288491742    
 -0.267796365666     -0.161160859739       1.81759054652    
   114.367211791       255.322361903      -348.037714578    
Ar              60
    -3.702828237         2.962945272         6.906283432    
  0.815787442849      0.610004586726     -0.752579574667    
   174.102639970       254.701017860       1203.79099557    
Ar              61
    -3.606165798        -10.79108179        -3.689280676    
 -0.906229499539      -1.32669810040       3.40365874095    
   166.075535563      -509.986361402      -375.487670904    
Ar              62
    -5.999737417        -8.389862451        -4.002241616    
  0.342927264305      -1.38931031172       1.92512390664    
  -800.226660590       17.1469018273       271.199363248    
Ar              63
    -8.515512844        -6.059232595        -10.38188022    
  -1.40144128209      0.159481498204      0.233471454834    
  -116.057103073       335.130712498       159.695341878    
Ar              64
    -1.597771889         8.401880999        -5.297091712    
  -2.30061215259      -1.00236510005      0.657440958559    
   877.643983515      -697.233524331       713.657994651    
Ar              65
   -0.2300986164        -8.526971415         7.307192839    
  -1.76260622294      0.855036305438      0.445490432516    
   972.067231369       589.683323552       459.700674673    
Ar              66
    -2.204221009        -7.617479014        -2.137870397    
  -1.90029234949       2.77438438393      -1.47976561552    
  -16.5768957383       471.525205166      -50.1624284499    
Ar              67
     8.357739800         5.295047312         10.83712375    
 -0.139497100872     -0.898902834161      -1.43366822293    
  -60.1651845574      -295.533532179      -245.744798714    
Ar              68
    -9.812870797         8.839069210        -11.08871597    
 -0.579854779390     -0.234211296312     -0.313888517182    
  -92.8051018171      -425.768607655      -505.009407259    
Ar              69
     2.977703197        -2.196096214        0.2077046683    
  -1.72513602679      0.380314288204E-01  0.535983263333    
   178.825281043      -49.9252889577       330.672953901    
Ar              70
     5.952104241         3.302967976         8.361455922    
  -1.52562000019       1.16134669247       1.18145442337    
  -173.559299688       102.513657661       333.292869113    
Ar              71
     4.631674116         6.415702977         10.04387003    
  0.888679674258      -3.42317787764      -1.23206979618    
   676.248734281      -280.822588944       770.366467953    
Ar              72
    -2.227838786        0.4700351403         4.928592844    
   3.31165816267      -3.16227166567     -0.801022000393    
   431.869625238      -210.439859926       121.443033245    
Ar              73
    -1.203393754        0.1699988148        -6.766334341    
   3.51217652879     -0.535735327032      0.246561921863    
   37.0811117403      -152.979371617       231.833041646    
Ar              74
     3.353825608        -5.377318028        -8.056128463    
  -1.88156849677      0.200450209427     -0.518050477050    
   333.453113436      -127.693260021       352.809325393    
Ar              75
     7.328313768        -10.85760559         4.063701657    
 -0.945225273241      -1.42810402568     -0.562454058325    
   395.707055352      -107.237792367       92.0440694538    
Ar              76
    -2.919463795         8.879971158         10.92716054    
 -0.158505908738       1.45411948848     -0.296994486074    
  -390.900271753      -841.609787461       261.345673709    
Ar              77
     3.327991462        -1.459931524        -6.568042154    
  -1.12542160309     -0.810041442631E-01   1.87648444190    
   309.914660369       108.418929955       1108.73753174    
Ar              78
    -6.729721075        -5.672398422        -1.280757588    
   2.62453417767       1.08554000447      0.821860872007    
  -103.182500123      -174.577497751      -383.537582155    
Ar              79
   -0.1905048037        -3.142378531        -5.941607075    
 -0.469833655386E-01  -1.27747037806      -2.05919882833    
   254.832182994      -97.3380834965       521.006510353    
Ar              80
     2.412575756         5.358715403         5.044629476    
   1.26849000296      0.823426541701       1.54992362234    
  -411.569221259      -261.902625433       132.715014481    
Ar              81
    -8.275103208         5.316022667        -10.83727074    
 -0.234355966366       1.28313249656       2.45405995868    
   1405.51947144       234.495370995      -222.599277243    
Ar              82
    -7.169366818        -1.394215639         9.492512608    
   2.18762710771     -0.690455817608     -0.226118236630    
  -199.295139907       944.079797877      -929.014794744    
Ar              83
     10.41944336        -2.312778387        -4.615490735    
  -2.04328002836     -0.857119281163      0.469583757278    
  -1103.01315671       104.707813408       580.061012125    
Ar              84
    -10.67322818         5.857965399         9.529389817    
  0.745898802788      -1.98903247172       1.49035283951    
  -274.019497147       375.044650129       15.3257031219    
Ar              85
    -11.24850237         5.102330958        -9.461023586    
 -0.577637575338     -0.324345765870     -0.655705624325    
  -1494.23211858      -223.592238986       333.189327650    
Ar              86
     7.235345449        -1.887495136         6.000504214    
  -2.13058279022      -1.51814839461      0.960061004821E-01
  -304.170255002       197.115961004      -655.037290844    
Ar              87
     7.814742184         1.356239298        -9.488178407    
  0.379649209920      -2.91536475132     -0.960305867878    
   212.025288602       211.811411150      -83.3993126679    
Ar              88
    0.4397300537        -6.697067403        -5.332672839    
 -0.130345098167      0.119828253717       1.17624086210    
   153.122877268       276.831230551      -129.025267315    
Ar              89
    -8.697581171        -6.771815357        -6.069543744    
  0.711328673088       3.83939031726       1.26342000243    
   91.4388696075       985.594929561      -67.3388265796    
Ar              90
    -5.938362581         10.71055615         10.85231620    
   1.34565244907     -0.407319426701      0.881035616919    
  -539.345992534      -185.192435417      -190.290808973    
Ar              91
    0.6108146853         5.146288194         10.31651029    
  0.311830801918      0.965962398611      -2.29784046660    
   666.803493651      -704.358314703       1026.85009092    
Ar              92
     11.36804919        -6.618029990         9.011110551    
  -1.48465736766       3.06491293407     -0.775157024972    
  -485.597373330       434.229357125      -483.139871948    
Ar              93
     9.349941840         2.341687612        0.9956739811E-01
   2.56110815588      -1.96512519436      -2.71291764450    
  -134.561491025       65.0239009628       70.1279774857    
Ar              94
    -10.39449039        -3.362053489         2.988880841    
   2.85143161597     -0.298522342576      0.971595426612E-01
   268.569175017      -279.703271677      -370.497385985    
Ar              95
     9.975841342        -6.464386710         2.337671006    
   1.66901401657       1.56520450846     -0.731465959500    
   45.4834048089       364.970845209       614.690703838    
Ar              96
   -0.9851972844        0.4924095798       -0.1964300302    
  0.695887576360      0.913016271480      0.875768119482    
  -1260.97435854      -1490.47338974       510.080772100    
Ar              97
    -1.144328322         3.954581689        -6.480319048    
  -1.84710967972      -1.59241289108      0.384627425524    
  -64.8470833905      -264.809332780       486.977514459    
Ar              98
     7.588856018        -11.21305348         8.049453366    
   1.07800583916      -1.37418603775       2.04691934886    
   292.586450496      -535.804569984       159.455049335    
Ar              99
     10.28653919       -0.9420816687        -10.72669489    
 -0.327138558482      -2.72907122473     -0.171996262709    
   126.582208469      -263.457899154      -208.418802767    
Ar             100
     1.645211581        -8.569241553        -8.425348268    
 -0.149948439110     -0.360689446810       1.06223430712    
  -1.88160479364      -536.090478083       35.8059547662    
Ar             101
    -10.98680233        -11.11433673        -4.734962358    
   1.21537743655     -0.991378430116      0.953738730763    
  -239.533120705       425.834488740       40.5343034362    
Ar             102
    -1.309135631         6.141582939        -9.069303312    
 -0.654857728696      0.143419730913      0.214489850502    
  -48.5896725202       895.458994215      -809.132591150    
Ar             103
    -2.352503450        -8.387198485        -6.585252236    
 -0.861049543550       1.92306493936       1.87198192905    
  -218.761720169      -449.449515103      -387.658560172    
Ar             104
     4.047961681        -11.15968994         2.772886896    
  -1.66043116477      0.774853156014      0.148794517394    
  -229.975133905      -33.1601865184      -133.688649071    
Ar             105
    -9.373465313         5.018614043        -2.481371518    
  -1.31104578705      -1.01358550807     -0.295891848615    
  -621.452221077      -8.17902191925      -27.6970854424    
Ar             106
   -0.4904615463        -5.371136941         5.146312655    
   1.38749003163       1.28591575125       1.65005166122    
   206.403900881      -490.804372821      -53.4351994319    
Ar             107
     10.26225914         1.409434092        -4.255178340    
  0.388674955078       1.59116422542      0.125118978527    
   301.355595291       259.542770228      -45.3008928073    
Ar             108
    -3.956702922        -5.788222130        -4.916379367    
  0.269002386533     -0.246854761346      0.137735495251    
   11.1862857420       571.329506076       517.893978734    
Ar             109
     1.942326904        -1.672248950         5.346525754    
   2.94152147884      0.703904926097       2.23966746589    
  -715.463042518      -178.399965771       333.677172128    
Ar             110
     2.013711818        -8.223702138        -2.604494872    
 -0.292719865200      0.156817644117      -3.54054430490    
   151.732752141      -200.212147352       325.600931077    
Ar             111
    -9.375142646        -3.050456744         7.131827188    
  -1.10337170105     -0.642838730329       3.15432229900    
   221.000370013      -804.042645013      -610.378127130    
Ar             112
    -1.717227577         3.812159780       -0.4378781841    
   1.42386554281     -0.193599461874      -1.06483003089    
   656.633306967       76.3295804275      -587.160881234    
Ar             113
    -4.967614524         1.876430485       -0.8911385784    
  -1.44557099691     -0.536726835271       2.01876575453    
   1243.69186884      -311.286201229       363.801953076    
Ar             114
     3.088697162         2.127347358         10.12924255    
 -0.608465837262E-01  0.158737087295      0.424368691223    
  -511.858394138      -337.956764740      -185.883336905    
Ar             115
    -3.901690855         7.848302828        -1.250376530    
  0.739442351558     -0.854218345145      0.628962905245    
   343.804011897       200.268959780      -380.569954144    
Ar             116
     1.606295137         2.086855333        -1.188473257    
  -1.76770046215      0.556108225716      -1.38268962404    
   1534.64225333       552.094317193      -636.169009090    
Ar             117
     1.544475711         5.436296464       -0.1088502700    
 -0.829871174400      0.261730741679       1.32107686687    
  -67.0426849452       442.097784878       540.269254634    
Ar             118
     6.683764579         7.784616770        -2.378828601    
  0.800508138283      -1.05840189736      -1.29169457962    
   1361.17035088      -76.2899287327       1303.42233892    
Ar             119
     3.070336665        -4.708927165         3.449458336    
   1.65830780352     -0.912136690983     -0.457028216493    
  -27.4971314904      -36.2592561057      -83.1302065136    
Ar             120
     6.829895154         10.85602048         11.40729987    
  -1.17731012802     -0.585258420172     -0.497695322535    
  -159.161739687       85.6061760775       258.220041644    
Ar             121
    -2.161286648        -3.711930936         11.14688492    
   2.54714097390      -1.46367557801       1.41944889612    
   129.691359444       380.151459864       68.3924944612    
Ar             122
     4.683904210         7.690813409        -9.032754854    
   1.47293317822       1.40801380169      -1.52186078253    
  -126.241475043      -241.226831315      -45.1957897316    
Ar             123
    -7.876642171        -5.902860516         8.664181944    
   1.22299768554      0.493141972060     -0.232932930557    
   174.427353891      -316.278154221       33.0526447958    
Ar             124
    -10.55848400        -9.159254061        -7.799901587    
  0.927431024629      0.667879027552       2.60485646690    
  -287.230512838      -170.085955688       173.427422891    
Ar             125
    0.3699480790        -5.762777976         9.888891927    
  -2.68076980752       3.22796719967      -3.28213859811    
   130.110349999       224.626067373      -826.972050370    
Ar             126
    -6.226158286        -4.501303485        -8.032856904    
  -2.30460952197     -0.228394645599      0.106757042546    
  -1211.57589422      -95.1815760638      -188.207626251    
Ar             127
    -3.961629355         5.426139714         1.340089146    
   1.33935947576      -1.45567663696     -0.420996912236    
  -1073.65553106       793.614367683       483.635139663    
Ar             128
     6.871764424        -2.772736214        -10.24016111    
 -0.517625921229      0.380546528433      -1.31722746769    
   176.359453760      -121.416962988       24.7875368938    
Ar             129
     4.399775774       -0.6155365062         7.584820226    
  -1.28169849697       2.02905429684      0.391292012592    
  -301.316621623       987.048519326      -70.0739322605    
Ar             130
     1.788573603         8.350170505        -11.25825427    
  -1.20158606128       1.98301575179     -0.115327597227E-01
   454.634288846      -781.039377419      -321.235376731    
Ar             131
     4.049136610         4.931011906        -5.648393599    
   1.79165116840      -1.26984996350      0.407725675697    
   30.2255693822      -57.7485862765      -141.782507072    
Ar             132
     9.700838848         6.162308480       -0.8960770621    
  0.624188609051      -2.24170334359       1.04835446721    
  -338.550541053      -572.936653521      -36.4896862586    
Ar             133
     5.301654357        -8.651799797         9.467879852    
  0.796839924135      -3.72683820797      0.172158456636    
   744.757894350      -478.017379513      -71.8001078220    
Ar             134
   -0.4696278926         10.69005006        -10.56346835    
 -0.942070231957     -0.952439374570E-01 -0.630483367188    
   67.2121002594       974.405543719      -1270.39411417    
Ar             135
     5.207971095         3.580167864        -10.41341335    
  0.950529195157     -0.785148900682E-01  -2.50827211377    
   24.5447164018       685.072128822      -752.484941513    
Ar             136
    -9.486697345         7.225331881        -7.246649254    
   1.15142168397       2.55602594845     -0.672364763658    
   305.562525468       736.851885020      -343.754158047    
Ar             137
     3.111416082         11.03312501        -9.321720793    
   2.71648007665       1.16969321708     -0.180889284531    
  -256.724508597       116.460983383      -42.2851211203    
Ar             138
    -10.79610544         3.402734663         7.048785348    
 -0.669979268780E-02 -0.522264144066      -3.06939784346    
   560.343373740      -579.877043808      -666.980047200    
Ar             139
     9.751834832         8.967321341         9.123033290    
  0.266383980068       1.76103028115       1.04031281047    
   679.419777187      -226.379633948       1144.13340254    
Ar             140
    -1.506099392        -10.85256525       -0.9672363653    
  -1.28329892333     -0.653960351602      0.544154657163    
   193.386880364      -892.728897029      -385.947396409    
Ar             141
   -0.9473302427         1.766801473         9.849158553    
  -2.03759157778     -0.673914317054       2.82674727963    
   11.9582919249       33.8379954225       268.485055212    
Ar             142
     1.859624188         2.164344886        -5.446337898    
   2.34547464107       2.01498235701       4.28478036603    
  -269.790610931      -353.382934459       175.215653481    
Ar             143
     9.037606748         11.13444500        -2.356171814    
 -0.375197132187      0.227048876264     -0.778944856530    
   481.488776128       26.1366033193      -727.215079021    
Ar             144
    -4.753491249         1.757025648         10.68496112    
  0.595699861590E-01 -0.669053936590      0.411393522747    
  -113.397447613       223.393378337       10.6186608309    
Ar             145
     8.184301370         7.994369238        -9.852110678    
  0.426388721560     -0.846949040357      -1.13122590968    
   219.629931201       84.2519714179       388.558164657    
Ar             146
    -4.212876571        -6.681191822         8.378277606    
   2.14703915102       2.07569175853      0.123949873278    
   488.733369185      -227.538040273       1270.45929410    
Ar             147
     4.072013316       -0.5260309418        -9.835710148    
   1.13873899721     -0.461515043432       1.06924723826    
   653.667311500      -200.877414991      -1173.11142030    
Ar             148
    -6.867018254         2.716544671        -3.483000720    
  0.590680716107      -2.08692612035      0.336840022659    
  -702.478197322       298.128615223      -671.699628067    
Ar             149
    -3.307971858        -4.144227021       -0.5558837667    
 -0.466416081775      0.543078628125E-01 -0.555382314334    
  -43.3102192722       133.522357535      -99.2347687435    
Ar             150
     1.960716871         4.847530567        -8.813388210    
  0.710577353157     -0.463664880992      0.963060981932    
   347.057554420      -104.955338575       26.4477327308    
Ar             151
    0.1933801021         8.281016194         5.198074904    
   1.00111115601      0.188451942207      -1.66795788248    
  -461.840941589      -432.553741289      -263.791895163    
Ar             152
     5.581178203        -7.584706512         3.415090478    
   1.35697269663      0.766356514507      0.219646208917    
   144.904122461      -97.4315807068       593.338773347    
Ar             153
     1.713805787        -8.970119903         10.64914432    
 -0.654053470221      -1.01430679728       2.09545040396    
   36.9524024217      -529.839970528       66.9844811593    
Ar             154
    -5.152319537         10.27981536         1.125750162    
   1.57656109543       2.21667608502       2.62054731095    
  -55.1017162590      -89.7164499456      -455.525034651    
Ar             155
     6.987947992        -4.167706449        -5.498642528    
 -0.740543404381       1.52672316188     -0.931699342629    
  -110.674504414       657.253619941       507.782195298    
Ar             156
    0.4542616815        -8.741801765        0.9657146058    
  0.651300099818      -1.57583873591     -0.112347682383    
   618.011245312       282.843081338      -331.122351716    
Ar             157
     5.963787233         6.246463520         4.717679082    
   1.37361810692      0.221804545645      -2.91560784477    
   8.85304174899      -932.412214625      -296.552660040    
Ar             158
    -9.588771198        -7.382610844        0.8120337487    
  0.683812729359       1.05217546436     -0.733625907169    
   92.4488762248       104.505330467       110.753605234    
Ar             159
    -4.636472367         3.019641158         3.656375588    
   1.39545563250       2.48183177537      -4.21477151280    
  -129.546060477      -20.8667670880      -366.431285063    
Ar             160
    -7.360473432        -5.588504384         3.770309897    
 -0.621938953519E-01  -1.00551118584      -1.14259824292    
  -435.325831887      -833.091019702       934.300390659    
Ar             161
    -9.970786154        -9.814947375         8.466604081    
  0.329961840587     -0.618126395758       2.20856857517    
   284.815873925      -404.009893635      -626.045724369    
Ar             162
     7.984559498         9.946889542        0.7763911947    
 -0.611872717029      -1.43287730070     -0.686397098129    
   220.511426779      -1257.23544581       382.828839267    
Ar             163
     8.622089411       -0.9689115064         2.394794242    
  -2.24885977904      0.170871510049E-01 -0.319691206643    
   72.6887364652       230.816859561      -80.7089228847    
Ar             164
    -9.219463895         1.942705811        -10.08291831    
  -1.23877549892     -0.473722908658     -0.565997094905    
  -989.795547177      -182.557183339      -657.491461713    
Ar             165
     4.677625698        -10.20154967         6.550755364    
 -0.266906960286     -0.164462864354     -0.753119633832E-01
   55.4683062201       1175.34413301      -1454.92941555    
Ar             166
     1.657214268         8.232281394        -6.687757114    
  0.400305190480       1.12532932766      -1.96304746868    
   410.444868848      -106.337415255      -146.551010857    
Ar             167
     4.756557098         1.883059098        -7.527707528    
   1.32393403193     -0.561957032452     -0.248455569795    
   32.5457949913       54.3711028986       539.000968738    
Ar             168
    -9.949185464        -3.132578336        -6.530109308    
 -0.226688838912     -0.959754920668      0.785956609819E-01
   1233.00728133      -378.261691668      -983.415478046    
Ar             169
     7.294248196        -6.251896787        -8.202728510    
 -0.546162402678E-01  -3.52930592924      -2.06263904807    
  -519.726636375      -416.024256967      -400.776238375    
Ar             170
    -2.907399353        -9.716587814         10.52254704    
  -1.23631955902     -0.768693692358      -1.40959248761    
   196.746077366      -161.646168180      -196.444645121    
Ar             171
    0.3291449198         8.712996646        -1.105169978    
  0.475679759702E-01   2.26051394920     -0.983234382074    
  -282.940601502      -1099.52398287       1078.05649569    
Ar             172
    -10.65502665       -0.7316768853E-01   -0.5439027961    
 -0.972329565147     -0.897969878879      0.609075455279    
   27.7916120940      -599.831983490      -401.086883686    
Ar             173
     10.80530451         2.513064320         10.79312039    
  -2.14687469040      0.185448133946E-01  0.420815630833    
  -310.424395689       110.992008142      -188.017103166    
Ar             174
     7.882677362         3.795774238        -2.940476036    
  -1.58413681551     -0.648243566764       2.44767821768    
  -179.220197179       134.260942010       1.32085741195    
Ar             175
     6.762038483        -10.11242687       -0.3057917492    
  0.238784679918     -0.969087281266      0.391318693561    
  -1464.84441323       1228.80254513       248.554774889    
Ar             176
    -6.484456012        -9.524240538       -0.2677160734    
 -0.925344572381E-01   1.87422394428      -2.27380196314    
  -230.863768628      -72.2864563464      -246.157446291    
Ar             177
     1.652878448         11.21676345         6.226912671    
  0.793841545359       1.69413897435       2.38961650483    
  -480.288541097       429.987043324      -110.333995557    
Ar             178
   -0.7699755895         10.05523462         8.472475378    
  -2.93267217219       1.01854479521      0.361746532192    
   33.0539437346       80.3592973746       5.35594914273    
Ar             179
     6.958876042         7.816858162         7.638699763    
 -0.914394139125     -0.537062673656      0.324377670478    
  -200.483359936      -175.142241571       240.133375593    
Ar             180
    0.8551947742         1.986515533         6.720404004    
 -0.210498586263      -1.97816311864      -1.07698980133    
  -1064.75651284      -37.4408538344       617.147767298    
Ar             181
    -3.058379763        -10.06117496         6.678215570    
   1.02723537024      0.174504141354      -1.20450217409    
  -574.483508746      -790.404152175      -262.771071623    
Ar             182
    -3.267410091        -2.783199918         3.913785341    
  0.388071542759      0.677915307191       2.30504623432    
   28.2564342754      -812.684710364       92.9804151510    
Ar             183
    -2.942407998        -4.265153061        -7.829876491    
  0.175934941255      0.114255491334     -0.746371766707    
   1324.27955517       455.805416326      -380.063266233    
Ar             184
    -10.38692935         6.183196919         1.463234766    
  0.641580127102     -0.383577566859      0.562171701235    
   377.861030125       237.078341103      -363.243239897    
Ar             185
     3.428609341         7.251771197        -3.111390509    
   1.15318679671     -0.499873380061E-01  -1.79213082680    
  -1388.29344408       433.899766143       144.770726241    
Ar             186
    -7.611163461         3.595794134        0.3648758309    
  -1.58672348227     -0.627944494968E-01 -0.796096409796    
  -367.913394956       223.743518468      -224.781107293    
Ar             187
     7.815650427        -5.823564688         10.41029064    
  -1.72805289239      0.170998389929      0.228392674062    
  -24.7708280545       35.6789830455       30.8289364059    
Ar             188
     4.450996498         4.239893524        -1.720488040    
  0.716624948655      0.827629184119     -0.142916301969    
   322.037734616       260.367433128      -120.796240229    
Ar             189
    -1.275710486        -2.880846153         7.312922973    
  0.425163487720     -0.658983872264       1.99373675749    
   990.085251472      -14.4739795956       165.993903835    
Ar             190
    0.3789905949         10.89150977         2.493390207    
 -0.630709129511     -0.932175433589     -0.789988449656E-02
   662.947163612       268.467376553       169.458221366    
Ar             191
    -1.341753688         1.846091579        -3.499419565    
   1.96391081079       2.73490606831     -0.927141976204    
  -37.9698060046       337.894647128      -176.240435627    
Ar             192
    -4.227505943       -0.8996573807        -8.818956700    
  -2.33327563196     -0.964088447879      -1.14130650192    
  -70.2459277794      -1.48926359121      -175.319675423    
Ar             193
    -5.501857705         7.841541609        -9.544219268    
   2.09020853616     -0.637810210278       1.84259745185    
  -398.750589581       517.455820644      -310.215534333    
Ar             194
    -6.125075353        -9.612939450         8.297174845    
  -2.04015509642      0.598214381303     -0.816049401565E-01
  -656.645399070      -318.214588274      -435.286837924    
Ar             195
    -6.488516532         5.306437425         6.575020423    
  0.810738289850     -0.776967511133       1.06642836988    
  -23.3898644722       456.277272217      -72.3718123517    
Ar             196
     10.37129428         4.324916308         3.419154016    
 -0.133823566119E-01   1.69652377632      0.804884413998    
  -657.153396171       329.241850446       605.994357780    
Ar             197
    -5.629172754        -3.979453886         10.89380995    
 -0.310047073687     -0.375693123700      -1.12374999625    
   56.1673171041      -844.858949221       530.366154496    
Ar             198
    -10.46279340        -7.927797535         4.941883680    
   1.44751167096      -1.52185329555      -2.73379839459    
  -20.7363850923       28.8299200140       20.7256150750    
Ar             199
    -8.328485111         10.62978399        -8.555685911    
 -0.905486729126      -1.34090463777     -0.493589649789    
   156.632427178      -50.6004435878       315.427653157    
Ar             200
     8.688806159         8.377385608         3.774311948    
  0.775487372542     -0.396001698822      -1.76377906369    
   304.948358813      -110.629411091       425.940055143    
Ar             201
    -7.254603720         7.739191824         2.854701222    
 -0.142846073704      0.738583226306      0.145203288674    
   341.016609441      -248.042382829       1206.96756828    
Ar             202
    -10.42943363         6.983168793         5.127529472    
  -1.27453215594      0.953328074230       3.53907715537    
   18.5912019533       85.3339910135       185.189225841    
Ar             203
    -8.908066074         10.37676019         1.308573400    
  0.843255495600E-01  -3.00976746933     -0.247966391162    
   591.876398177      -164.949462346       808.871049402    
Ar             204
    -6.446980311        -9.562497303         3.997556745    
  0.301745949178      -1.09506762684      0.735973847036    
   147.629648847       252.537622577      -391.120611765    
Ar             205
    -9.033685177       -0.3137048331E-02     5.562224040    
 -0.777134644674      0.112390373044     -0.276156953876    
   164.300455556       850.187718303      -242.334730613    
Ar             206
     8.529923500        -8.182357723         6.640612129    
  -1.53736989389       1.96036792284     -0.654733694764    
   353.178560098       165.546067657      -234.206940228    
Ar             207
    -6.440928212        -1.415769551        -1.535949669    
  -1.47888616787      0.452352546390      -1.44663321810    
   63.2281302423       80.0979241762       55.7182003448    
Ar             208
   -0.9017003067         4.787794297         3.391825012    
  0.535867196253       1.68658796158       1.02884482763    
   15.2830905351      -96.8634544194       30.5595288680    
Ar             209
    -6.813082795        -9.242829927        -7.533820780    
   2.58537736327       1.59273752756      -1.25966167514    
   654.310972276      -113.486410949      -200.824914828    
Ar             210
    -10.75009094       -0.2620253968         8.774810343    
 -0.579127515355      0.572286349550       1.23847518738    
   158.373266770       278.534022921       327.303380847    
Ar             211
     9.619784249        -8.278855446       -0.4834481679    
   2.78702394245     -0.218132149359      -1.58118530553    
   651.522508398      -660.189031929      -646.143026615    
Ar             212
     9.224626628        -2.630596738         8.715722200    
   1.62072422242      0.556216005610      -1.54359283143    
   229.521540496      -190.592702279       513.088096168    
Ar             213
     10.57726989         10.69288937        -9.205011525    
 -0.599758291654      -1.19502160328      0.604660175607    
   20.5129585142       305.493406890      -232.819608203    
Ar             214
     4.519097837         9.276661996         5.663666321    
  0.379289128676      -2.39958955889      0.973471275300    
  -15.4629574135       46.8876075840      -140.883048738    
Ar             215
    -7.698017614         8.665347908         8.371645506    
 -0.491430725412     -0.303548416594     -0.277499235920    
  -1129.53211764      -284.011182784       78.6393772144    
Ar             216
   -0.1103898277        -5.870174337        -9.618074336    
  0.494778882970     -0.103752072724      -2.74853086694    
  -325.902092456       99.7389808336       542.683423779    
Ar             217
    -4.463349193         10.33925711         4.474008332    
  0.693156454689      0.734104501948      0.838829123357    
   69.8973201541       72.0676438873       85.1302528455    
Ar             218
    0.2831519271         5.112523110        -3.588790966    
  0.249197229661     -0.557849694258      -3.12694599878    
   373.373065405       349.838718348       416.247543845    
Ar             219
    -8.233566733         4.137470667         3.711855419    
 -0.642228832468      0.790965774365       2.44289338133    
  -250.236945760       67.4311034390       560.637936716    
Ar             220
    -9.724713111         3.978579226        -6.106995816    
  0.686849494785     -0.744584009944      0.342048588503E-01
   246.479167516      -720.504004980       128.025943979    
Ar             221
    -6.509508969        -3.416678937         1.437951530    
  -1.09220842585      0.260929045384     -0.529687148330    
   359.049460384       939.903864459      -372.175104416    
Ar             222
     1.145980958         1.233486667        -9.363632159    
   3.76355630689       1.61245266802      0.541902124568    
   404.548449850       34.6498387883      -25.6135545837    
Ar             223
    -8.253886375        0.6053728056        -6.736021027    
  -1.48982778368     -0.419681730826      -2.32204150389    
   311.216475597       29.1344777725      -653.267197384    
Ar             224
    -2.383382474        -1.455015067        -3.234426926    
   2.51840159061       1.77185427140       1.84379071319    
  -215.206522273      -457.809387722       20.1377533423    
Ar             225
    -7.378973987         7.185984779       -0.4632132502    
  -1.18664974652      0.836887146458     -0.218196766940    
   6.78434424601       169.263383174      -685.189681285    
Ar             226
     5.950435994         6.707421621         1.111557201    
  0.330883553267      -3.36602327384       1.22045660877    
   801.933272928      -727.593770408      -202.461992949    
Ar             227
    -10.29150777        -3.542048172         10.39017144    
 -0.542127210240      0.898314346329      0.911033847804E-01
  -105.080290672       99.2815087109       736.909160458    
Ar             228
    -10.59603372         1.762665829         2.206202273    
   1.74743761449      -1.96183777673       1.96365214613    
   336.999903448       56.9089320829       847.391328191    
Ar             229
    -5.523521376       -0.5636341649         5.909232820    
 -0.337480979731      -1.85356695521     -0.436952810516    
  -864.159328636       801.375891852      -916.792859968    
Ar             230
     5.378431180         1.218344088       -0.2948137229    
  0.417428309911     -0.837010424981       2.28614161593    
   222.449558207      -571.434681698       236.019700041    
Ar             231
   -0.6736289957         11.19219356        -7.390108658    
   1.15559682088      -1.73288949505     -0.272620610107    
  -32.8604889288       436.686361633       1734.23417530    
Ar             232
     2.154347400         7.245908050         7.958653341    
  -1.00230518114      -1.05321208616      0.597372390941E-01
  -435.564274513       679.852652625      -314.387817213    
Ar             233
    -4.652750531        -3.582378121         7.131473397    
   1.37009336535      -2.10870463870      0.439699567576    
  -673.233576349      -548.931782135       120.942379951    
Ar             234
    -2.079152798         2.395350217        -9.362088868    
  -1.87973564158       1.83778074296       3.25087778100    
  -1036.90298563       208.970695057      -758.728643350    
Ar             235
     3.047684159        -6.314617251         7.442477311    
  -1.15236816962       1.92237409442      -1.28963077126    
  -179.299949636      -126.893390124      -117.584786893    
Ar             236
    0.8330631694         10.98055216        -3.357068133    
  -1.57628380293      -2.06919151766      -4.23446091201    
   595.672280374       1014.21507465      -1568.75442216    
Ar             237
     6.586260237        -7.823415793        -3.661328299    
  0.328084946993       1.91701233417       3.24611813174    
   235.165061921       127.745175170       151.671968198    
Ar             238
     1.763624999        -8.570815023         4.263621568    
   1.29727656380     -0.770412247593     -0.291526461742    
   230.457478811       212.967610311       86.3757269490    
Ar             239
    -10.19280868        -10.51333516        -1.045313250    
  0.587921395792E-02 -0.439202686439     -0.778268393015    
  -319.537154995       777.265719336      -896.494385825    
Ar             240
     1.388572014        -2.671686441        -9.076354050    
   1.65316856030      -1.28462993980     -0.742686547543    
  -772.500597311       3.90861557305      -673.073530498    
Ar             241
    -4.138972860        -11.43429030        -9.180912716    
 -0.659144172861     -0.707175086657       1.66295307575    
   318.417284806       252.707515869       346.308570717    
Ar             242
    -10.08003591        -3.635695525        -2.072437831    
  -1.55597375375      0.285275406796      -1.43741047073    
   112.522424295      -2.35497060302       70.2430003786    
Ar             243
     3.992063421         10.54831261         9.085481829    
 -0.256661707940      -1.11858361025      -1.77147233323    
  -282.791554932      -544.039074858       732.256602896    
Ar             244
    -9.247273298       -0.3380380240        -3.673859454    
   1.03633807996       2.27753476548      0.106398589062    
  -99.4633189179      -226.348723660       181.833182763    
Ar             245
     11.18286562         1.099060440        -7.781907502    
 -0.573157777396      -3.22075851019      0.694031352729E-01
  -390.283568963      -43.3697011433       217.761984162    
Ar             246
     6.918930760        0.2555560259         10.11132363    
  -2.43816581456      0.717280478147      0.793812968326E-01
  -634.324981597      -477.117558173       731.410216572    
Ar             247
    0.7621328037        -4.583455346        -1.444252392    
  -1.85857152785      -1.06945885416       4.32742152695    
  -48.1845175312      -232.890983200      -306.798309356    
Ar             248
     9.954231481        -6.205527643        -5.344514107    
   3.15683760087       1.57467051975      -1.71241706404    
   195.911685303      -140.792207633      -88.3516292233    
Ar             249
     3.187353741         7.778963489         2.763413451    
   3.60398973572      -2.27991210803      0.400668614046    
  -768.505426224       502.157399794      -270.675427880    
Ar             250
    -3.700709056        -6.956877846        -10.01347032    
 -0.708104292319E-01   2.51012454939      -3.34055085804    
   745.765796032       481.416705996       310.391722094    
Ar             251
     5.814775790         8.086020642        -5.516009548    
   1.92570240185      0.271894018315      -1.28336546345    
   5.30238137466      -209.152567356      -1186.16945618    
Ar             252
     6.974492620        -4.154045009         1.885932968    
  0.860912107849      -1.76316166630      -2.37050420864    
  -167.051916651      -159.648221363       18.3489557733    
Ar             253
   -0.1121352177        -1.851207394         2.333437920    
 -0.422121569643     -0.400784005722       3.66664808187    
  -77.7659405252      -650.316173522      -44.4435785511    
Ar             254
     5.218904709        -8.945349461        -9.755802116    
  -3.09158355770       1.91501386169       1.47468192459    
  -99.6164228309      -251.423193863       445.257752422    
Ar             255
    -2.642001027        -10.07615063         2.051780160    
 -0.291476900659       2.83182464339       1.32844118352    
  -818.943520974       296.301970040       1253.41958472    
Ar             256
    -6.253936898        -8.639889319        -11.20138874    
   1.26966668679       3.35172054447       2.76854242972    
  -911.070386999      -479.456056796      -131.315117844    
