ex7                                                                             
         2         1       256  -118948.922150    
     24.688267560405      0.000000000000      0.000000000000
      0.000000000000     24.688267560405      0.000000000000
      0.000000000000      0.000000000000     24.688267560405
Ar               1
   -0.3798520578        -7.681449320        0.2988463920    
   1.04221055800     -0.457999906546      -1.28063626452    
   342.159613737      -167.413591763       262.729246131    
Ar               2
    -6.551532176        0.9277304643        -12.32137333    
   1.51974372445     -0.389570385886      0.512665411824    
  -203.910217460       780.988324259      -455.977938142    
Ar               3
     8.158475359         5.618772422        -10.35988150    
  -1.28097079975       1.07001136974       3.50097279942    
   32.3356873675      -39.8723963183       25.3369731213    
Ar               4
     2.515209762        -4.535837980        -4.585845298    
 -0.780033792875E-01  0.499004039071     -0.618853288095    
   428.622426219      -529.872619644      -175.871557375    
Ar               5
    -2.939202514         2.288782065         12.00904348    
   1.43982224286      0.588223166743     -0.231805089775    
  -47.7247649667      -76.0332724188      -251.840228637    
Ar               6
    -10.57897980         2.724220253        -2.540665959    
  0.686653984534      0.167626788703      0.998917017356    
   258.685531178      -116.712387147       912.361623028    
Ar               7
    -5.997496015         6.075416262        -12.04170538    
  0.433147333149E-01  -2.20437432015      0.388466424967    
   117.794703012       2.76398201733       10.7063532860    
Ar               8
     5.385836743         5.080845552         10.04659225    
   1.27949980410      -3.25641659798      -1.49599893080    
  -214.896579972       162.876008202       130.770094500    
Ar               9
    -10.84223649        -11.67197833         3.153662093    
 -0.575232829843E-01  -2.06228279582      0.599422125103    
   440.463245222       885.359602880      -533.051765919    
Ar              10
    -11.47299103         10.22449640        -7.020678917    
  0.429813712240      -1.98941897903      -1.92247735264    
  -57.4644656803      -18.8603045330       117.801034587    
Ar              11
    -3.374274090        -5.207192093         11.11978708    
  -1.31730996885      0.617965459183     -0.161660634800E-01
   587.267243399      -43.4849431671       184.981332821    
Ar              12
    -2.046528572        -1.598976498         10.92491355    
  -1.42923557040      0.283398691889     -0.448606800971    
  -155.506533327       100.349411062      0.882939370493E-01
Ar              13
     4.771637373        -9.625379450         4.265023927    
   3.39278617410     -0.397371667227       2.06815354650    
   166.559651546       451.302317361       225.126432195    
Ar              14
     8.860029514        -3.784776269         7.616658040    
  -1.09451647719      0.282168150830       1.79626776696    
  -424.223700867      -23.7619575572      -13.4224454965    
Ar              15
    -10.91030770        -3.891298390         5.125609126    
  -1.15471916254      0.262339978825      0.599822511792    
  -286.468087782       520.932302657      -174.185772471    
Ar              16
    -3.495293610         4.996078059         9.772645445    
 -0.235600287827       2.44076884733     -0.752615783439    
  -284.569852537       375.570269394      -209.226271974    
Ar              17
     4.316865790         11.88723409        -11.68402737    
 -0.480253012965      0.648423430239     -0.950022027748    
  -733.598628580      -507.906617602      -802.155801005    
Ar              18
     9.793892624         11.66756726         2.145657580    
   2.87888964507      -2.66719508658      -2.24009535082    
   1492.43949630       153.936796743      -820.329330498    
Ar              19
     6.995928218       -0.2275592526        -1.108871602    
  -1.89558495071     -0.461764755752      0.766857322897    
   155.962916492      -336.379681065       194.187125620    
Ar              20
     5.193484146        -4.624472611         8.550666451    
  0.757437323428       2.25700129564      0.781346478083    
  -93.4277878471       87.0414963854      -149.178501179    
Ar              21
     9.341885843        -4.041100231         11.89267830    
 -0.235255913271E-01   1.30333756574      0.401889111144    
  -14.5860285245      -447.498443249      -91.5406905825    
Ar              22
    -11.35307952         3.133816765        -5.779772836    
 -0.997384420794       2.21552475856      0.104931006877    
   189.448883503       1097.88402041      -785.434296954    
Ar              23
     9.450657871        -1.164854534         1.996336033    
   2.80806510162     -0.389962873549E-01  -3.06923090632    
  -530.715155653      -11.1382167007      -503.620666446    
Ar              24
     7.244149198        -7.927621792         6.637027824    
 -0.520747990821     -0.670879926652      0.766875503947    
   7.69120412170       115.144974400       24.5308521747    
Ar              25
     7.109649879       -0.8358091453         11.68540974    
   1.05665741209      -1.22610747211     -0.928937790092    
   339.188930442      -758.077769125       666.941880393    
Ar              26
     3.466428129        -8.176404394        -6.045739188    
  -1.30520759527       1.17915607051       1.00830982969    
  -245.675781198      -135.520350370       201.590108360    
Ar              27
    -5.580598361         9.675586000        -10.33137224    
  -2.73994576231       1.43326400662      0.593476696434    
  -256.153757616       157.911066901       119.477091259    
Ar              28
    -10.12231739        -11.84713955        -9.459149983    
  -1.91837094276       1.33636014556       1.30778720158    
  -44.1269345545      -37.4330724571      -72.2333880715    
Ar              29
    -3.840651233        -11.16003420         2.489334057    
   2.98252965321      0.580935874701       1.68184511609    
  -43.1845446161       69.5609307459       83.9245275648    
Ar              30
     8.303092751         2.956511060         10.73106329    
  0.906957245411      -1.16804378056       2.03029991775    
   136.057763104      -48.8755107408       186.591474271    
Ar              31
    -5.550332009         7.287394803         4.867368986    
  -1.93552963965      0.998719772858      -1.09104835111    
   183.851488930       595.362163729      -185.973520575    
Ar              32
    -8.361115955        -10.08758857        -4.054532251    
  0.461708933109       1.34202723641      -1.37953357780    
  -129.949820696       725.255471139       272.547098343    
Ar              33
     1.653845783         2.624667725       -0.4567713152    
   2.71645326210      0.454504364249      0.158718854717    
  -441.178210110       117.920901494      -490.233040800    
Ar              34
     4.418956640        -5.161011403         4.908378126    
  -3.03801811681      -1.21873706039      -1.49606626482    
  -589.515611634      -79.4326800202       343.111242672    
Ar              35
     4.278934127         2.214006759         6.102075256    
  0.461274553894      -1.23688463068      -2.40255996410    
  -156.128790268      -293.470067276      -262.248829039    
Ar              36
    0.3640451250         2.941240507        -6.187378012    
  0.487479722504      0.341373951656     -0.196412334234    
   337.841610902       230.187054200       1152.47166124    
Ar              37
     11.14485472        -10.40218035        -3.515008698    
  -2.37651704011       2.08339139889       3.65955644914    
   23.0817065119      -753.900500656      -941.356714484    
Ar              38
     7.697623494         9.336675053         7.853449580    
  -2.06206975080     -0.295429292157E-01  0.659736781072    
   892.041355023      -346.826923805      -472.669525290    
Ar              39
    0.7961248129        -1.941078124        -3.118233741    
  -1.16954484119      0.707608248645       2.14604172611    
   26.0527380712       222.537056172       744.468715752    
Ar              40
     6.965971068         11.60700341         3.699942225    
   1.74477612461     -0.491826405731       1.86165548716    
  -1113.19504448      -91.7445939613       1146.29990665    
Ar              41
    -7.886993383        -7.499936140         9.802707231    
  0.165280153044      0.850094313222E-01  0.231706899700    
  -44.6121922659      -1426.01599003       45.0319582137    
Ar              42
     6.148617213         8.584157501        -12.03419374    
  -2.07588774173       1.69706144735      0.665774830982    
  -649.267599942       350.758672686       490.843898263    
Ar              43
    -5.524865864         11.96245107        -1.802249530    
 -0.354379601017     -0.629786797762      -1.95081319485    
   109.953720217       79.2458034505      -55.2114157971    
Ar              44
    -11.27908240        -7.942125844         8.738939410    
   2.94303844202      -3.99331405693      -1.56304190056    
  -66.9064693025       3.13706403781      -96.6091567774    
Ar              45
    -3.236263984        0.1522539507        -9.997782200    
   2.84218784946      -2.27256045279     -0.336666853753    
   583.735730619      -718.574339330       96.7371308120    
Ar              46
     10.54915413       -0.7972735333         11.79018082    
  -1.11911215487       1.26385780594     -0.185059559606    
   784.776420098       530.959288532      -121.569736677    
Ar              47
    -9.536337086        -8.749508596        -11.62731800    
   2.59685475624       1.60375244378     -0.963638172871E-01
  -51.2167149372       16.8324170995       257.856313503    
Ar              48
    -8.989226225        -11.54410892         8.509314669    
  -1.37563734166       3.16852169549      -1.18229337775    
   26.3516036667       154.862962180      -44.9635411967    
Ar              49
    0.1858690305         5.855642161        0.9366052835    
 -0.265893455791       1.33183304638       1.51534079882    
  -185.925096490       31.2613689702      -88.9244811625    
Ar              50
     9.882451781         8.134814500         1.282171089    
  -3.27995252049     -0.963988429332       1.56539068204    
   28.5954930631      -36.8031304540      -126.900980087    
Ar              51
     1.151573407        0.7137227400         10.50784081    
  0.906434278572       1.26714180537      0.200862787894    
   27.5107714292       127.089993768       17.5723096251    
Ar              52
   -0.1889408365        -8.299237163        -8.721489875    
   2.41108496443       2.80328379341      -3.40776583829    
   93.7298866743       17.7780775962      -23.5542060839    
Ar              53
    -9.725088087         7.002792393         1.953647957    
  0.235456691426       2.67738285180      0.775151854712    
  -16.6418954701      -414.984164575      -1.70298510889    
Ar              54
     1.164178859        -1.674284858        -6.536348285    
  -1.28515145791       2.03660342458     -0.669132409172    
   120.144882813       27.2529582205       1164.65544046    
Ar              55
     8.602201175        0.8488436064         7.666877945    
 -0.613488822922E-01  0.978148551583      -1.34675403391    
   668.074671418      -1293.80421292       105.712791823    
Ar              56
    0.4505759053        -9.781480030        -4.720813600    
   1.38472588212       1.11612023289     -0.175732519361E-01
  -46.3312764783      -71.8252616106      -139.568900847    
Ar              57
    -1.077480438        -1.429198917         3.660275982    
  0.642908452085      0.438840876560       1.69519189410    
  -550.342775151       945.866129655       423.043309669    
Ar              58
     9.087137892         11.44553327         11.32468285    
  0.886210510010      -1.66645777763       2.01692410715    
   29.2739085647      -86.3694889042      -43.9701478982    
Ar              59
    -7.781649311        -3.611885298        -8.929542568    
 -0.147895465483      -4.26772734698       2.38018368183    
   121.494173908       339.095679927      -97.4870915076    
Ar              60
     8.115643646         1.899573801        -8.699898277    
  0.584791048392      -1.24578351469     -0.398028464031E-01
  -20.4397589058      -49.7526840130      -43.2618614790    
Ar              61
    0.6179064684       -0.8919139190        -9.645256375    
 -0.216748919236       1.11169424496       1.88259176455    
  -38.4781883439       260.435364304      -1584.30229885    
Ar              62
     5.294122943         10.01356797        -2.369609974    
 -0.722180488022      0.703653537050E-01 -0.473758234517    
  -723.693180828      -53.7069242721      -760.948261862    
Ar              63
    -2.950649169        -7.963134095        -6.110025114    
 -0.282686251875       1.03039860767      -1.07542586204    
   50.9876658348      -156.699161649      -103.660074752    
Ar              64
     9.222470119        -9.994535892       -0.7544276898    
  0.631608761270     -0.175784883711      0.249641143709    
   116.600108045       774.631749525       336.253999402    
Ar              65
    -9.594932204         10.77535016         11.28627190    
   2.32233617234     -0.790677831620     -0.268226484564    
  -13.1096670880      -79.6085596660       119.732206759    
Ar              66
    0.7928566093         1.009978587         5.770118535    
 -0.791498884823E-01  0.691686098292       2.06165369432    
   290.066681965      -236.337780242      -175.070686443    
Ar              67
    -2.245084818         1.157620010        0.3233049046E-01
  -1.45183806561      -1.75381427335      0.151914489334    
   777.605718345      -417.353915811       612.778607397    
Ar              68
    -11.38535937        -1.041962122        0.1750275984    
  -3.85578171707      0.460657574752      0.541623157113    
   217.774978517       258.262711866       81.4671702473    
Ar              69
    -4.015341948        -9.000713368        -11.60631979    
  0.524879615304       2.30970262646      -2.12928654892    
   160.579740583       659.171687715       99.6799713315    
Ar              70
     8.379230804        0.7750950019        -4.878884004    
  -2.28562103537       1.51495862922     -0.202894242645    
  -693.394680737       462.122097329      -539.550378340    
Ar              71
    -4.458097576        -8.865590062         9.507115836    
  0.774949086223      -1.10461192411     -0.399505641810    
   14.4180121761      0.536685352064      -141.322475547    
Ar              72
     2.034924836         11.16895486       -0.9308963159    
 -0.944209352071      -1.20908053252      -1.34712260772    
   127.795292090      -23.5285845181       75.9472365377    
Ar              73
     12.29263251       -0.3229454605         8.680880509    
  -1.49921072080      -2.30557333978      0.154178751986    
   75.5188203566       176.919795012      -261.323565675    
Ar              74
     4.009371752         1.694529983         1.843028449    
  0.248691738791E-01   2.48762709292     -0.751240687882    
   461.062055240      -244.527898293       502.402438335    
Ar              75
     7.646024947        -4.986763181         3.794629112    
  -1.68136955485     -0.595302531307      0.416400970325    
   673.193491014      -50.6028387899       23.3203999054    
Ar              76
     6.484789973        -11.88899428         7.268008912    
   1.51750342594     -0.187883850364      0.294100579393E-01
   15.2936574956       262.251374451      -136.864609148    
Ar              77
    -4.986522995         5.705148155        -5.304690109    
   1.69703706819      -1.76341997385     -0.317290645541    
  -1026.01822039      -971.415639139       638.149353000    
Ar              78
     2.694596496         6.446834011        -10.70738772    
   4.03294481630       2.84047296079      0.838835963556    
   64.6475932940       349.538195513      -66.8813000625    
Ar              79
    -4.948875511        -12.06623360         7.340858066    
 -0.707438633341     -0.522681579870      0.795414033643    
   61.9802018655       27.6694820076       73.1830887757    
Ar              80
    -4.283119532        -7.749942032         4.716119883    
  0.518355855337      0.569539062240     -0.926638814623    
   794.266681138       292.814412822      -599.776853570    
Ar              81
     10.18830658         4.886624475        -4.611858662    
 -0.493027139540     -0.471866624788       1.16840380473    
   192.506889870       269.391138950      -244.361714532    
Ar              82
    -1.322715191        -5.541376478        -2.434196086    
  0.718466349556E-01 -0.505427284041     -0.698988622407    
  -30.6330284227       416.781436366      -187.879792583    
Ar              83
    -3.270692056        -12.12880738         11.55503229    
   1.29351495315     -0.236819628148       1.31730441279    
  -877.769323859      -122.335592188       613.260985881    
Ar              84
    -6.738044259        -10.22250604        -8.081816405    
  -2.11766359605      -1.57987404504      0.875735565273    
   15.7791215576       16.8798691339     -0.506632011419    
Ar              85
    -2.465918885        -11.42484567        -9.645578745    
   1.00109420688       3.46178358624      -1.11469172151    
   207.954556132      -299.327093908       501.270903371    
Ar              86
     12.26985967        -11.70159313       -0.1545629536    
  0.662685864332     -0.311102672042      -1.21151464599    
  -49.7313523093       248.614969162      -210.956529674    
Ar              87
     5.949836151         2.740175732        -2.620777538    
   1.43329030023      0.726995863139      0.907364216955    
  -95.0672236378       478.026450544      -200.220083573    
Ar              88
     11.68263813         6.106553914        -1.464276943    
   2.15448366308     -0.981761846957     -0.510900055260    
   372.431793669       454.638032677       152.788382784    
Ar              89
    -7.549193139         3.705229095       -0.2793881102    
 -0.289602184902       1.79784083631     -0.476097841759    
  -351.230370271       711.970687493      -361.941385726    
Ar              90
     5.467092756        0.8004408260         9.352931276    
 -0.810208264086       1.22958402275     -0.416631584860    
  -948.988658945       662.733292454      -809.095337772    
Ar              91
     2.283717567         3.022625360        -10.95058470    
  -1.10502051028       3.32367693841      -3.69067708814    
   195.206787869      -644.301735156      -128.779575908    
Ar              92
     6.211805355        -11.42168478        -9.340064559    
 -0.625019978792     -0.298561348123     -0.526068361323    
   1271.90166643       839.444963422       588.422121122    
Ar              93
   -0.1111538776        -3.050866683         7.239760653    
   1.06922563255     -0.128462771190       1.95089831874    
  -27.7795678596       900.592261721       48.6711528249    
Ar              94
     10.25329930        -12.09051245        -8.279439555    
  -1.83697477701       1.57264511678      0.873269577640E-01
   636.224343489       506.291558128       57.2980221792    
Ar              95
    -1.252787609         12.05630297         8.991678131    
   1.09108327263      -3.91906861710      -2.10468197998    
   719.482206035      -21.0024179296      -860.884043430    
Ar              96
     12.14678197        0.9016355282         2.977387732    
  -2.55699012088       1.81935795035       1.00488630039    
   307.851454517       312.391452724       191.969112472    
Ar              97
     4.526900361         6.912290784         6.675000653    
  -1.40796843817       1.01088079252     -0.159272407985    
   585.609393779       367.017220480      -63.7877537664    
Ar              98
     8.775061799         1.644609509         4.037685341    
   2.71995792976      -1.67534119883     -0.906126548462    
  -560.607678216       194.798768450      -18.9420442917    
Ar              99
    -9.887963872         2.330395684         7.072805230    
  0.227603549820      -2.55634877594     -0.781229399877    
   328.493014104      -160.898308516       68.4303814973    
Ar             100
    -6.917093133         7.434225288         9.100536249    
  -1.19019342924      0.667146072948       1.22302368961    
  -156.148428718       31.5338532119      -108.660183048    
Ar             101
     3.000504723         5.955004160         3.240398688    
  0.935885014900     -0.386916935644      -1.05017460569    
   162.487559901       20.3401495557       107.395790494    
Ar             102
     11.05239754        -4.120072667         2.723710450    
  -2.69956995313      -3.12104197708      -1.24040372785    
   475.267122895      -419.317480936       133.278019538    
Ar             103
     12.14793969        0.6664885275E-01    -6.303602090    
   1.63441467713      0.363421054835      -3.16139047592    
  -429.515128401      -980.157388590      -283.050833874    
Ar             104
    -9.398594830        -2.398746853         10.19453734    
 -0.884822839499       1.53378318419      -1.27798921102    
   36.3288692139      -88.1180969279       75.8597109508    
Ar             105
    -3.576196209         2.093585102        -6.518044657    
 -0.668611686735     -0.388402219937       2.07220339597    
   393.749464328      -343.523477579       727.437847949    
Ar             106
     3.785391742         12.27117430         2.503763777    
   3.12472955168      0.855678485174     -0.351152271484E-01
  -612.457202413      -711.704156544      -316.759163843    
Ar             107
     12.10614112        -8.851572680        -8.378576329    
   1.51743068603       1.12065704857     -0.337011822988    
   60.6356540020       55.8267831715      -39.7241343965    
Ar             108
    -3.664243208         8.960284780         9.032144303    
 -0.107003842963      0.832817894523       1.12561890841    
   171.283960438       156.955749976      -15.3686744740    
Ar             109
    -1.635566468        -8.757083028         7.113768481    
 -0.166801004354      -1.54039628354      -1.32295533367    
   53.8943351253      -168.072634733      -72.0996612882    
Ar             110
     10.78541950         8.842348144        -3.616815095    
  0.802296442045     -0.271922899470     -0.219944088316    
   216.485920374      -73.7398127892      -408.204052985    
Ar             111
     11.20090347         6.901072453        -8.121334184    
 -0.832947588202     -0.291515760474E-01  0.943028241544    
  -32.9763025392      -84.9109507730       127.545512438    
Ar             112
    0.2674421388        -11.83145541        -12.19993931    
  0.415551614029       1.45563335896      -1.16948379691    
   328.254731414      -221.903972544       209.510976618    
Ar             113
    -5.027458874         1.816628086         8.474021769    
  -1.95897150828     -0.197838482055      0.934960667145E-01
   19.4356711607      -131.135518997      -6.69635224750    
Ar             114
    -2.405169046        -9.001774609        -2.555755062    
  0.152082166134     -0.525743429304       1.01221705270    
  -192.495758947      -211.936316975       67.2430535126    
Ar             115
     6.128893037        -7.032744953        -3.863546682    
 -0.614086300280      0.484878468617     -0.283829015013    
   208.445767238       77.3084754396       56.3562916357    
Ar             116
    -4.744540188         8.734383811        -6.620583957    
  0.201476463734     -0.741875736215     -0.839672113721E-01
   84.1567456234       1010.05712849      -512.523604623    
Ar             117
     1.896154210         4.762789436         7.189426035    
   1.22895999238      0.357383953336      -2.86966249935    
  -597.446268740      -356.941233717       92.7496571413    
Ar             118
     11.98079598         7.019330023         11.23988747    
  0.513197992104      0.160505074529       1.92950395675    
   811.770082765       50.9303812046       64.2524384494    
Ar             119
    0.1300601756         11.71635939        -7.039030821    
  -1.31627387617       1.57643368988     -0.297456781221    
   75.5488635718      -4.44605902820      -111.579320010    
Ar             120
     2.987983604        -10.67104734        -8.807734477    
 -0.275485785784E-01  -3.48408577577      -2.34339565867    
  -1026.77133908       221.280193941       23.8515767530    
Ar             121
    -5.202045353         2.205096087        -3.145221759    
   2.18680272549      -2.87315646577     -0.522382065876    
  -85.2467515358       3.92795465755       76.2866022201    
Ar             122
    -5.501072664        -2.123133877        -11.36325126    
 -0.163250867045       1.34969118679      0.386617041752    
   252.063878435      -850.394290652       19.6621072941    
Ar             123
     2.551304724        -1.643239985        0.9494678836E-01
   1.35632235089      0.850428493510      0.257887537834    
   50.6037594509       57.0778323138       170.731914333    
Ar             124
    -3.568485483         4.869527197       -0.6148559216    
  -2.59158078163      0.104182798960      -1.53234183975    
  -87.9130402193      -724.028081007      -450.760342672    
Ar             125
     5.828289453         9.383175348        0.9965476270    
  -2.07149678787      -3.08348282424     -0.225162488888    
   170.654578745      -116.253079830       472.132208674    
Ar             126
     7.592621212         12.10210935        -4.946102521    
  -1.79899227571      -1.13986414089      0.125207616380    
   435.736068734      -54.9929991653       3.39521641433    
Ar             127
    0.6083742376         9.502856491        -10.72746640    
  -1.05233323787       1.06833275294      -1.39234255088    
   148.029944388       527.026930831      -596.058298254    
Ar             128
    -1.563736807        -5.209821121         5.066868253    
   2.05905177416     -0.618102740902E-01 -0.410848482045    
  -323.092376898      -493.965891768      -406.692709219    
Ar             129
     11.22899458        -12.07392172         5.623001336    
 -0.759097472273     -0.436827777858      0.881127276241    
  -676.325183477       605.875813987       355.341531265    
Ar             130
     2.581318662         6.014535071        -4.409654270    
 -0.135795169850      -2.30683679605      -1.34308035368    
   473.642809743      -1273.20290408       42.9633473598    
Ar             131
     5.325082807        -2.819751383        -6.772798993    
 -0.373101631165E-01 -0.735758472066     -0.624627173758    
  -149.293861699       31.4843279097      -16.3907773936    
Ar             132
    -11.00416379        -5.821294968         11.75937886    
  -1.36990874169      -1.80727640420      0.958810938081    
  -67.0832847738       259.888926588      -130.930678274    
Ar             133
    -5.538244471         1.131354997        0.6135427561    
   2.28817641792      0.382962801380E-01   1.84443247725    
  -257.652957017      -471.264345169       249.055772090    
Ar             134
    -2.220916475         3.031408643         4.770280090    
   2.28174401869      0.344194566209      0.712608983973    
  -167.535673109       34.3483844023      -161.547019587    
Ar             135
     12.15793990         10.40985476         8.639292072    
   1.21997202341       2.66233457465     -0.377154874890    
  -97.5570668950       112.376600955       97.0945755766    
Ar             136
     10.35512794         7.200405322         5.864308144    
 -0.969907677225       1.09044531841       1.62433490648    
   377.352992774      -29.3638828776       149.919768584    
Ar             137
    0.2423417533        -4.066571871         2.189516517    
   2.27118452945      -1.36805831373      0.565649161891    
   634.615917020      -1077.73517609      -757.276589826    
Ar             138
    -11.15351505        -2.976000175        -10.55177969    
   2.24000184506      0.921266786141     -0.506389671345    
  -95.3973201797       82.8960669156      -16.5683675157    
Ar             139
     10.90197622        -1.685579060         5.422026011    
   2.37537811209      -3.27438863186      0.564490120666    
  -145.600186944       290.449918552       162.340244504    
Ar             140
    -8.997965885         8.085464697        -8.914473288    
  0.860029623249      0.662078350281      -1.42909019870    
   18.6828826099       37.5219678511      0.861757412345    
Ar             141
    -7.587308221         11.44292954        -5.000295977    
   1.65673374386      -2.41280125022      -1.24771773585    
   357.292926078      -780.838952346      -386.009516530    
Ar             142
    -7.014795289         7.405285508       -0.7289586064    
  0.677026504581E-02   1.19506561006      0.338134189712    
  -47.1452189158       93.8936005570      -27.7253448048    
Ar             143
    -4.413727525        -2.765008620        -6.544848280    
 -0.459675393199     -0.137364280360     -0.741346351913    
 -0.984811159511E-01   14.3482073184      -54.1768396310    
Ar             144
     10.70902863        -8.359241703         2.496315247    
 -0.544005974881      -1.46973992165     -0.158294399664    
   345.890353350      -677.589639996       650.633056400    
Ar             145
     8.552773933         10.72440829        -1.691140643    
 -0.354871810594     -0.855894141338     -0.480873176600    
   813.171739359       31.2858858918       388.259830676    
Ar             146
    -1.316826488         2.310346402         8.217325387    
   1.53496344162      -1.36199936745      0.380434134513    
  -198.379249326       122.667230547       496.371740668    
Ar             147
   -0.3922836628         7.672264106        -8.063171993    
   1.96797486368       1.72699007039      -2.12896856066    
  -74.0789816034      -287.538077647       395.710174323    
Ar             148
    -8.836868966        -6.434521436        -7.170520562    
  0.622956856525     -0.692314976036      0.154597754332    
  -188.108287035      -372.574634187       167.574900101    
Ar             149
   -0.9938799614         6.886533744         4.603496731    
  0.859495626293      -2.05680006501     -0.390232407596E-01
  -4.90221332130      -68.4180889965      -28.1098892745    
Ar             150
     6.608607090         4.336871338        0.7681473059    
 -0.571055306472      -2.99003437303       1.13468712129    
   73.3709757325       60.4722074533       28.3884243649    
Ar             151
    -1.757207908         6.180746308        -5.122700183    
 -0.378761664185      -2.35315894144     -0.836796019525    
   1349.87123999     -0.996845464854       288.514504709    
Ar             152
     8.635164290         7.203380874         10.84480577    
   2.08460026579      -1.56478952101      0.472922967085    
  -210.451303646      -322.877047292      -591.364837601    
Ar             153
     1.312668009        -7.858739845         4.052115183    
   2.57959491792      0.538532332828      0.711084318343    
  -35.2485002751       82.4250227263       36.9082400470    
Ar             154
     5.460322256         8.366204090        -5.989045791    
  -1.64573024756       1.59075192892      -1.15438205739    
   661.671921329      -261.026044168       985.189397784    
Ar             155
    -7.462228584        -1.635281651         1.812421416    
  0.541783636248       2.18036393552      0.425021613141    
  -103.301161320       1078.62717972      -588.739085337    
Ar             156
     3.443005942        -8.066198243         7.538791694    
   1.14122499285       1.24708028395      -2.52271915986    
   63.5040520394       60.6004458324      -30.4513255256    
Ar             157
    -6.273824646        -1.578029034        -2.885656054    
 -0.339377336627     -0.360250006633      0.531732158310    
   839.819622295       594.141890886       453.942235955    
Ar             158
     1.511818856        -11.04473465         6.173515877    
 -0.863896858126       1.86695212469       4.16125598264    
   316.446438246       216.651038441       54.5770135017    
Ar             159
    -1.161445230         11.52430896         5.372700198    
   1.63136850057      0.188172284680     -0.888515061048    
  -833.108437863       147.489505901       255.066461312    
Ar             160
     10.19102191        -8.239363578         12.33687559    
  -2.24196726445      0.856120939115      0.771604671634    
   105.845817375       64.4556152037      -22.8967285132    
Ar             161
     4.768744497         10.21091422         9.198971741    
   2.37016762204     -0.297879978590      -2.19845523039    
  -879.090419172       99.4837189871       524.178518019    
Ar             162
    -11.52790774         10.06053483         4.553396479    
 -0.192142838685      -1.92707625379     -0.775205227651    
  -46.3502000819      -848.296073978      -719.021595333    
Ar             163
    -2.627947302        -2.603016146        0.1516405315    
  -3.12977309991     -0.111278403363     -0.894306390531    
  -17.4612695920      -25.7561537182       7.04965177916    
Ar             164
     4.031264309         6.739680215       -0.7220429130    
  0.538398029734     -0.435264794993       1.76844503508    
  -489.874068279      -115.097453272       158.506482231    
Ar             165
    0.3631278624        -6.090679248         8.538886726    
  -2.21574697501      0.939712484889      -2.58553361844    
   166.532601822      -680.287982679       475.312115948    
Ar             166
     5.860722941        -3.416135179         1.033284512    
  0.320710359380      -1.01167025079      -1.44268367844    
   125.007243296       231.460457139      -34.2406825996    
Ar             167
   -0.3737913996         4.786954707         11.70292603    
  0.956152763897E-01  0.915592443600E-01  0.408128898689    
   229.177733232       122.006162453       75.1970521305    
Ar             168
     3.514485883        -6.105625634         1.524677994    
  -1.04169491721      -3.05860700341      0.293945376444    
  -408.791493649       21.3473188203      -54.4361891436    
Ar             169
    -5.924344517        -4.389475192       -0.7258985451    
   1.62177709973      0.171808740606     -0.919211640177    
   51.0221723749      -194.395728410       217.927495465    
Ar             170
    -11.17425769        -8.496510638        -1.951754498    
  0.442851343587     -0.942460570824      0.699586707734    
   396.386735721       311.516077964       354.325818020    
Ar             171
    -6.799666049        -5.121475607         11.79039338    
 -0.570270844024      0.576437922073     -0.680044933952    
  -466.911871557       912.863341209       329.578611051    
Ar             172
    -3.237772969        -1.812495783         6.602650195    
  -1.61030931687      -2.29694010233     -0.418710011740    
  -271.423650336       315.511328243      -312.095856580    
Ar             173
    -6.042649073        -6.647593068        -4.661030325    
   1.36493087590      0.526534549288      0.414177441439    
  -66.2342482234       119.972205581       9.52823892110    
Ar             174
     10.47454921        -9.986280186         8.713628135    
  0.343752385082      -1.24067116980     -0.149726878499    
  -269.598403484      -131.101997470       34.1758017473    
Ar             175
    -1.564274777         2.782641725        -2.816403161    
 -0.259835823868     -0.385819076380       2.02250106261    
   369.837375666       377.337472834      -986.757466532    
Ar             176
    -7.660941235        -1.921389836         5.613631057    
  -1.56976838124      -1.11126660252      0.297259215045    
  -204.772822764      -203.834186167      -226.386301706    
Ar             177
     6.718796870        -7.708552309         1.255314698    
   1.46668212781     -0.804762930521      0.957418131175E-01
  -604.517765941      -638.134056146       318.395214615    
Ar             178
     9.508598903        -6.134291818        0.3073716078    
  -1.70196190783      -2.73337802738      0.415889760880    
   228.468938361       857.342503120      -1180.94934138    
Ar             179
    -7.732715492         3.984223512         9.905978196    
 -0.682427111062      0.769378127461      -1.61309307872    
   36.0636990322      -163.622477203      -7.16691048738    
Ar             180
     11.97779073         9.594396426        -10.54957110    
   1.96244385492      -1.46075331134       2.00290362803    
   15.3658966212       196.629690658      -117.878260160    
Ar             181
    -8.808756721        -5.674269728         7.135704720    
  -2.78875892793      -3.11474551101     -0.626901563403    
   263.842295543       432.535454192      -168.876141937    
Ar             182
     7.381765515         7.581401841         3.989988884    
  0.610581563442      0.368105789790     -0.975652640535    
  -398.286508589       63.9340456275      -76.5239908630    
Ar             183
   -0.6987952552        -5.047077328        -6.395669555    
   2.59161102091     -0.630338247410      -1.37222816844    
  -1073.24278056      -103.780630577       739.289898571    
Ar             184
     6.830939988         6.473896773        -2.816046118    
  -2.49458061452     -0.324671391534     -0.187160904949    
   395.864830733       3.51967956545      -227.782718462    
Ar             185
     3.557033828         10.44335113         5.513238349    
  -1.74804504950      0.455309606511      0.755509625497    
   396.747819105      -81.6769256370       516.193562947    
Ar             186
     7.119527607        -6.771515799         10.65071599    
  -1.46618493496      -1.90952356083       2.34531307298    
   151.793503833      -147.254073734       10.6284321148    
Ar             187
     7.114974965         4.563209536        -6.286120833    
  0.173743278510      -3.84807994004      0.177322129700    
  -361.562110246       25.2902682035      -70.3808221588    
Ar             188
    -7.897409058         9.997273546         2.629711733    
  0.487069708375      0.309958639080       2.43400243717    
   113.590781644       242.079366490      -70.0853517479    
Ar             189
    -10.87404702         4.868840670         4.604314784    
  -1.23987187119      -2.34096897174     -0.787053319376    
   115.765334563       19.5051475597       26.0144054966    
Ar             190
   -0.7707996588         2.383601151        -9.238154164    
  0.659797602105      -1.15463970214      -1.26037475181    
  -71.8102010580       278.902249015      -886.171375795    
Ar             191
    -10.85931883         9.883646511        0.2916773555    
  0.985770455491       1.42504139136      -1.17506880093    
  -250.301244295      -297.448630301      -46.9487177571    
Ar             192
    -5.977428134        -1.820858366         8.717053591    
   1.05307791357      0.916318951821      0.638849540900    
  -144.591070302      -116.021368145       701.350723319    
Ar             193
    -12.08872619        -11.10200362         11.78355638    
 -0.244902310392      0.891187671439      0.723032823327    
  -40.4464446852      -112.915028941      -72.1495977228    
Ar             194
     6.141627455        -1.162086172         5.347182548    
   3.37990478496       3.30588217855      0.140036878985    
   172.310040102      -42.2230756287       81.9909229863    
Ar             195
    -3.798866696         4.288538374        -9.121148154    
  0.955070426056       1.59439544532     -0.531536642526    
  -284.955858011       540.931990865      -526.892918672    
Ar             196
    -4.738154582        -5.768958457        -10.20751391    
   2.69110315343     -0.643153379495      -1.52230779245    
   42.5194450128      -68.7197341476       663.911121076    
Ar             197
    -12.00270782        -4.142033017        -6.080138706    
  -3.69025182083      -2.17436308049     -0.719999952377    
  -89.1210972106      -14.7908348821      -33.2915394606    
Ar             198
    -5.877444218        -8.233446082        -1.339876305    
  -1.33213145546     -0.612185823248       1.05025352380    
   9.52862765638      -59.4678062923       49.1923142288    
Ar             199
    -7.759400635        -4.748029582         2.759192312    
 -0.127965767067      0.291595193614      0.545835454661    
  -313.282040795      -1422.56428416       306.967981683    
Ar             200
    -10.81418481         11.17842983        -3.376637529    
   1.37681512399       2.74064545086      0.477133388929    
  -178.452431598       71.2320647359       175.285884047    
Ar             201
     9.136589633        -1.608322601        -9.754534944    
  0.390692069161     -0.650291916338     -0.437402174679    
   531.231822922       581.862991696       379.212851435    
Ar             202
     6.801113710        -4.003618959        -10.02071343    
  -3.21134089571      -2.05236334310      -1.70869272471    
  -544.581951177      -269.583207080      -387.334506817    
Ar             203
     1.541033748        -6.345409138        -12.11307029    
  0.726853390831E-02   1.46758747551      0.907491653986    
   6.56528482514       34.2355806436       163.621846757    
Ar             204
    -6.184153854         1.050363423        -8.680708303    
   1.02006233815       1.61118614388     -0.667771034185    
  -756.213945735      -440.480207677      -191.090269165    
Ar             205
    -2.717480291         8.350834410        -11.95762568    
 -0.286758038706      -1.59123852885      0.311870274670    
   190.630356398      -189.217142367      -174.437074125    
Ar             206
     2.933651194        -1.763549333         7.853513234    
   1.45281996953      -1.48279773713      0.299083377491    
   756.123562373       478.195930167       187.055077274    
Ar             207
     4.106864615       -0.1774684733        -4.088833513    
  0.209698988737     -0.818064646529       1.14145442303    
 -0.472734013332      -162.347686173       138.431044365    
Ar             208
    -8.802197565        -11.98170199       -0.3377878954    
  -1.73198060614      -1.85233625618      0.345824481268    
   72.8237536217       95.5096913695      -206.178447980    
Ar             209
    -7.283181301        -9.559248231         1.806208040    
 -0.636891569003      -2.76776688664     -0.925675515551    
   27.3268476096       181.714400895       342.666117803    
Ar             210
    -2.537955971        -1.052599159        -3.314049041    
 -0.600237697032       3.41950568092       2.84509304868    
  -516.793410810       222.358913211      -90.3941723851    
Ar             211
    -3.378645122        -6.092558347         1.569126202    
  -1.84659957345       2.50820583057     -0.146729898865    
  -37.3185071924       19.2288507814      -115.734112212    
Ar             212
    -8.971074656         1.526479849         2.214291109    
  -1.56892467861     -0.260597171052E-01  -1.43406278879    
  -222.254026273       219.286046225       226.696231397    
Ar             213
     8.413532163        -5.337154201        -7.002155291    
  -3.14758745975       1.40567852093     -0.247630376653    
   18.9324311220      -76.2685675458       147.925866374    
Ar             214
    -3.861675497         7.575394012         1.367147089    
  -2.22808679569      0.610858177325       2.27444839503    
  -18.8863943378       690.389125424       608.059018357    
Ar             215
     11.90961350        -3.797138135        -1.473892494    
  0.670853802838     -0.991493728614      -2.49679357259    
  -166.818668222      -384.942042634      -183.746391735    
Ar             216
     1.516071243         9.128443565        -4.518419616    
  -1.52295703380       4.02535440818     -0.415135488546    
  -304.713642338       1286.58307984      -113.483741680    
Ar             217
     10.29146137        -6.872066521        -3.574042555    
  -3.25236911620     -0.304194749676      0.305902824026    
  -38.9958494589       229.211960762       93.1711555479    
Ar             218
     4.216312189         12.21720027        -5.779124369    
   1.03500675442       1.85910755276       2.04077375935    
  -465.606590874      -111.792344868      -107.347773422    
Ar             219
    -3.565571819         12.11694680        -5.459359493    
   1.87601975283       3.04706562345       1.54880141311    
   1.98895697543       157.949787747      -9.79657150977    
Ar             220
    -8.866702092        -2.624368990        -4.701365412    
  -1.59623376726      0.982361611833       2.63173674167    
  -734.000876982      -337.395690517      -630.046565173    
Ar             221
     10.82642823       -0.4903443864        -2.963336105    
   1.57730796527      0.528626585803E-01 -0.385515708222    
   660.298136786      -522.593937416       674.763117409    
Ar             222
    -6.841876995        -10.77266763         12.04198519    
  -2.28075652279      0.272126017722E-01  0.949435746580    
  -145.560818570      -421.531784447      -288.314343947    
Ar             223
    0.9256923492         9.892695064         3.260300333    
  0.532257851862       4.37122871501      -2.42632392046    
   237.194121367      -451.566871498      -805.983871781    
Ar             224
     8.652395572        -9.141964613        -6.032844790    
 -0.334890475619     -0.805224079606     -0.888938031783    
  -69.3176165543      -13.2406764058      -159.896487941    
Ar             225
    -10.01705546        -7.151607866         4.009375194    
 -0.534291457978      0.622512825757     -0.375333721796    
  -249.880772159      -632.756690660      -35.5736392143    
Ar             226
     10.50772001         2.878146556        -1.768430939    
  0.907311588971      -2.54737544490      0.269866527841    
  -382.657155953      -580.209293616       409.009078545    
Ar             227
    -6.948824820        -8.798395979         6.364516783    
   1.57745283229     -0.128653877201       1.58980671150    
  -939.810033072      -456.288907175       587.026895144    
Ar             228
     1.905051718        -4.566204866        -8.340394541    
  -2.79413446235       2.00531214439       1.78884738308    
   943.585963596      -64.3815126200      -1051.93638361    
Ar             229
    -4.126642727        -5.361974690         7.691489710    
 -0.814545477915       1.76470299661      0.772835652725E-01
  -205.947147997      -57.0151156207      -243.870438745    
Ar             230
     10.88130282        -6.577132772         6.009547426    
   1.34154902196      -2.38620301290      0.579085508282    
   76.2344523751       52.5467857392      -49.5733527039    
Ar             231
     4.906318868        0.5839624854E-03    -10.35744972    
  -2.38235170633     -0.120289564181      -3.27942910331    
   43.5711036559      -150.589017844      -183.959493472    
Ar             232
    -10.53843051         7.883863790         6.852095055    
 -0.312905607610      0.119973207730       2.74267980445    
   231.969553881      -973.288444298       803.962220409    
Ar             233
     11.34087930         2.766476777         6.163375163    
  -1.20297880655     -0.226906356835       1.66825537510    
  -61.4785713528       83.2922237729       232.398430249    
Ar             234
     6.500431587        -11.76981530        0.4612459591E-01
 -0.195011506258     -0.662590138074       1.37070834979    
  -947.170125649      -151.749930698       450.501216147    
Ar             235
    -1.007352754        -11.56332997        0.5991796308E-01
 -0.955402379731E-01   1.90700863750      -1.35334034541    
   29.3003012053       87.8668068059      -8.55773143337    
Ar             236
     3.430024585        -9.665307104        0.5158448601    
 -0.123665591943      -1.08235334203      -1.61108671007    
  -188.882529030       465.819645600      -339.393232861    
Ar             237
     1.442763669        -2.810283647         11.47495718    
  0.306080942070      0.305074751889      0.397726997121    
   43.1968002798      -66.6310347009      -26.2965675227    
Ar             238
    -2.069757144        -3.420738618        -9.766338316    
  -2.24026992930     -0.379244594254     -0.454424455211    
   145.639130896       36.1084096615      -2.01861002460    
Ar             239
    -6.452001393         4.140354566         5.848118936    
  0.619238368970       1.11682961695      -1.03950049374    
  -418.377296014       453.915684737       686.482861327    
Ar             240
    -10.00122885        0.3457448275        -9.022911268    
   3.16027219758      -2.49863619162      0.250762718074    
   89.2801922503       19.6287227632      -14.9812370608    
Ar             241
     7.188793559         3.806535061         7.204829681    
  0.212689333191      -2.22735488100       3.08734279244    
  -12.5927707463       1172.02469010      -281.156887267    
Ar             242
     11.32396149         4.658857329         1.895934068    
  -1.26182940589       1.35644716924      0.827752254566    
  -91.6229596991      -139.592716181       75.2767896930    
Ar             243
    -4.711675122        -3.209075736         3.366555691    
   2.09451186591       1.38314338685     -0.362690199390E-01
   738.638045185       178.189464387       342.642491772    
Ar             244
    -5.951281541         1.121791573         4.575188479    
  0.956408682381       2.06777079377      0.557150129045    
   323.426510211      -1003.95929638      -474.090552099    
Ar             245
     3.486203268         9.238526241        -8.502351974    
  -2.44746304285       1.24654940107      0.675331269874    
  -537.376743576       564.999667030      -657.055596379    
Ar             246
     4.812311468        -6.652014873        -8.871090315    
 -0.453953070319      -2.26603845657      -1.11486283080    
   95.5753948596      -247.964679916      -260.766634358    
Ar             247
    -7.236431579         3.452217377        -6.530393048    
   1.73990757043      0.594982285143      -1.11083878010    
  -672.460203132       69.5525146052       269.006879147    
Ar             248
     4.309985160        -8.829722702         12.00698508    
  0.405152256359       1.49698778152      -3.28832076481    
  -57.7737551319      -129.380202735       97.6509318567    
Ar             249
     3.393983554         1.060874393        -7.433014535    
  -1.71968202622       1.86369349839       2.34687459015    
  -167.311493912       290.012041206       187.276853767    
Ar             250
    -7.708814788         9.992569296         6.303817439    
   2.07348739773      -1.87509805666     -0.488334468146    
   120.532536521       253.469113239       128.651671315    
Ar             251
     11.62307031         2.815600934        -10.04156086    
  0.947845848714       3.94473564404     -0.419683575600    
  -50.4729450360      -28.8971772931       80.7928465957    
Ar             252
     12.19598975        -3.979032230         8.840509826    
  -1.30107343573       3.13439239268      0.534960887047    
   177.586503537      -212.003621040      -38.4262792157    
Ar             253
     2.735326916        -1.858919380         4.127263009    
   1.54288993702      -3.61021599358       1.78130138176    
  -109.195139920      -6.96172269747      -157.338217087    
Ar             254
    -9.712940162         7.409987721        -4.496232221    
  0.255229474321      0.726267758165     -0.597668881814    
  -66.3424143582       60.9471642890      -6.27603894598    
Ar             255
     7.746821428         10.36127355        -8.410870791    
  0.260363472480      0.150670536550      0.114048302491    
  -433.024127854      -1229.31172893       97.9334560573    
Ar             256
   -0.7195292471        -8.803080343         11.05794279    
  -2.32839843173       1.98444924364       1.00103076946    
  -339.204483686       238.873124627      -279.353332090    
