  -88132.2569226       157771.887893      -112865.768213    	-0.1776340706 0.3179945473 -0.2274836722	0.201901032259E+01 -0.495125964481E+00 0.209086809342E+01
   54824.6573748       1321.68434683      -88488.8717441    	0.1105005100 0.0026660323 -0.1783527249	0.220971778915E+02 0.537616924365E+01 0.960033264740E+01
  -163644.888659      -34738.4016106       31552.6603295    	-0.3298326310 -0.0700165262 0.0635960351	-0.649353267005E+01 0.196994849309E+02 0.117166843929E+02
   442.010173232       95771.5711994      -206712.455317    	0.0008909065 0.1930300597 -0.4166350129	-0.747158291923E+00 -0.231575319759E+01 0.160902424841E+01
  -12298.5206866      -13416.2443337      -5000.84395914    	-0.0247890955 -0.0270397763 -0.0100800537	-0.191459816285E+02 0.170175455547E+02 0.523366145147E+01
   21794.5092950      -3923.32136285      -40903.6684813    	0.0439283841 -0.0079080326 -0.0824408450	0.435694827706E+00 0.196031225340E+02 0.709227901017E+01
  -66040.9642259       39256.5741630      -39791.7520416    	-0.1331078417 0.0791220502 -0.0802006980	0.217973279154E+01 0.187460306281E+02 -0.241439663053E+02
   200794.592333       53464.2562276       8186.23918253    	0.4047089929 0.1077601618 0.0164983262	0.175039525914E+02 0.373518022446E+01 0.643436449693E+00
  -56169.9626574      -2117.88218407       10557.5085326    	-0.1132120659 -0.0042689040 0.0212799667	-0.141738282071E+02 -0.219404502380E+02 0.372277646565E+01
   57060.5024007      -7230.91909756      -16109.1873253    	0.1150064824 -0.0145744083 -0.0324674094	-0.193708534752E+02 -0.711868094911E+01 -0.133520591162E+02
   38546.0181195      -20626.1273790      -223436.519671    	0.0776910505 -0.0415730999 -0.4503456547	-0.838291733602E+00 -0.237838612955E+01 -0.232664751427E+02
  -59009.9450104      -152056.180245       117615.841543    	-0.1189358446 -0.3064734669 0.2370582440	-0.325726964646E+01 -0.131518140443E+02 0.974029657104E+01
   119498.789728       54321.6291980      -48443.2959909    	0.2408533528 0.1094852130 -0.0976386461	0.112241634285E+02 0.485770885136E+01 -0.587762084869E+01
  -46116.0910040      -7005.88335971       14311.8288006    	-0.0929473182 -0.0141204212 0.0288460213	0.729932683920E+00 -0.937358201275E+00 0.527927278589E+00
   23311.7976971       111394.923200       107587.005625    	0.0469855933 0.2245195928 0.2168450165	-0.242149859466E+01 0.364646389152E+00 -0.666678945992E+00
  -32349.0907740      -70379.9076633      -26659.2084724    	-0.0651992485 -0.1418532646 -0.0537333628	-0.345342543121E+01 -0.540494132163E+01 -0.194122485134E+01
  -46545.6878376      -172915.383150      -104889.615909    	-0.0938148969 -0.3485171048 -0.2114081368	0.880687323716E+00 0.468236209006E+00 0.213864218108E+00
   13099.5599852       87172.8778132       57640.1545684    	0.0264008173 0.1757016144 0.1161743101	-0.199482995708E+02 0.585253165482E+01 -0.148392883466E+02
  -4298.96669068      -131121.653262      -7641.24289277    	-0.0086655179 -0.2642809245 -0.0154019737	-0.162315700763E+01 0.600542926389E+00 -0.206204819867E+01
   162260.826687       51363.0704538      -52643.1237836    	0.3270415932 0.1035234138 -0.1061044949	-0.520881975236E+00 -0.148661901809E+02 -0.182911238127E+02
  -235963.977056      -52285.5902823      -3938.85378129    	-0.4755933358 -0.1053834809 -0.0079384762	-0.196686833765E+02 -0.382814812983E+01 -0.602840988880E+00
   231089.655179       80369.0150793       137047.008254    	0.4657686436 0.1619854670 0.2762234068	0.105188020522E+02 0.282737486040E+02 -0.106637526909E+02
   52186.2965245      -183761.086817      -13314.1255297    	0.1051835486 -0.3703768179 -0.0268347992	-0.198296627963E+01 0.122951763603E+01 0.152651129641E+01
   39907.7355806      -120321.515684       33724.4612556    	0.0804353137 -0.2425113699 0.0679725244	0.240581386618E+02 0.561080224173E+01 0.804212340884E+01
  -100594.986142       89822.0935610      -127801.672542    	-0.2027524204 0.1810407411 -0.2575859963	0.189584138164E+02 0.216754609851E+01 -0.180478049677E+02
  -62126.1400198       40385.7407490       82743.6199551    	-0.1252184923 0.0813981845 0.1667710300	-0.120001390428E+02 -0.229902346584E+02 -0.355827805724E+01
  -57252.3159585       154384.452109      -74312.4807764    	-0.1153934874 0.3111678089 -0.1497788123	0.199605086411E+02 0.170546184730E+02 0.613336002239E+01
   154679.276127       97013.8763470       125183.072841    	0.3117618895 0.1955343746 0.2523111752	0.169672189579E+02 0.245265742206E+02 -0.116520546153E+02
  -121435.942493      -37483.1398829      -146412.421184    	-0.2447575676 -0.0755490018 -0.2950988497	-0.199855723479E+02 -0.145099100094E+02 0.156129764071E+02
  -58316.6454128      -55842.1702562      -34772.7157463    	-0.1175400358 -0.1125517349 -0.0700866286	0.198891407541E+01 -0.169928339279E+02 0.185832842048E+02
   90478.2040117       42715.0554637       17227.7714500    	0.1823606381 0.0860940670 0.0347228454	-0.128951583575E+01 0.672844573897E-01 0.116510361328E+01
  -38211.6618975       127605.499360       83697.4923933    	-0.0770173990 0.2571920960 0.1686952787	0.621643165423E+00 -0.367288848343E+00 -0.365787845060E+00
   3313.45883033      -34470.8402487      -155772.404444    	0.0066789652 -0.0694766339 -0.3139648035	0.119321128883E+02 -0.195476504861E+02 0.709910391484E-01
  -36515.6367462      -156579.558223       22860.5131371    	-0.0735987192 -0.3155919748 0.0460760905	0.164575530780E+02 -0.825318015268E+01 0.149619714391E+02
  -30492.9251581       97157.8439942      -17244.1721960    	-0.0614598451 0.1958250056 -0.0347578740	-0.194496532645E+02 -0.363552589593E+01 -0.168964971936E+02
   56937.4265615       14751.7844894       106051.169055    	0.1147589935 0.0297323905 0.2137484136	-0.185352279564E+02 -0.643332539225E+01 0.151268306165E+02
   102787.757219      -49784.8376796      -76785.0259763    	0.2071717227 -0.1003421858 -0.1547605208	0.931666424165E+01 -0.452463972022E+01 -0.659849551659E+01
  -91439.2291761      -8250.38225951      -99504.7118057    	-0.1842977008 -0.0166298148 -0.2005548422	0.120724895830E+02 0.177415808096E+02 -0.645868156136E+01
   11721.5350455       215684.588950       24307.5556370    	0.0236239989 0.4347189795 0.0489923174	-0.259345660040E+02 0.420101613246E+01 -0.263080118665E+01
   45706.3556697       54769.8599628      -224614.187182    	0.0921226486 0.1103901424 -0.4527163656	-0.165524958131E+02 -0.957626165766E+01 -0.117694532605E+02
  -6414.77109763      -58148.2036678       134890.760996    	-0.0129291485 -0.1171995550 0.2718768840	-0.166714356719E+01 0.703173320655E+00 -0.699263356777E+00
   49287.2503620       139886.829668      -80430.6292126    	0.0993407639 0.2819467524 -0.1621103799	0.695246482846E+01 -0.828187864261E+01 -0.230037611663E+02
  -46527.8088678      -129819.336584       69305.9033988    	-0.0937777739 -0.2616561110 0.1396889252	0.238806911722E+00 -0.112466791419E+01 -0.840198819794E+00
  -96647.9722613      -633.764287719       19490.2520462    	-0.1947984213 -0.0012773286 0.0392815670	0.782965726184E+00 -0.120296262674E+00 0.853162653335E+00
  -55020.5238004      -26289.4237796       9168.06460949    	-0.1108953420 -0.0529861843 0.0184782085	0.995492845194E+01 0.172864105403E+02 0.170204449246E+02
  -23737.7342150       97449.1587118       92328.2376415    	-0.0478449832 0.1964115683 0.1860915759	-0.129279946643E+01 0.107995912142E+02 0.681748640631E+01
  -30750.7998254      -141877.258659       261606.569935    	-0.0619804638 -0.2859581973 0.5272765946	0.223441496879E+02 0.899213800689E+01 0.151844858932E+02
   75558.0295719       117200.341788      -62130.4639556    	0.1522914629 0.2362231043 -0.1252252484	0.580389889876E+01 0.127188387388E+02 -0.559224988098E+01
   139081.414022       51661.7037129      -21890.0295440    	0.2803240979 0.1041247803 -0.0441195687	-0.113778091707E+01 -0.214396632503E+01 0.857640326798E+00
  -41725.6488585       79690.2598694       76807.6844897    	-0.0841003891 0.1606203266 0.1548077019	-0.888748585600E+01 0.595878123810E+01 0.807457614746E+01
   145.262322081      -18267.2937080      -11609.4998275    	0.0002925923 -0.0368163048 -0.0233998654	-0.129167753784E+02 -0.229807986459E+02 -0.108643139804E+01
   76101.2729724      -32857.5090383       81675.9253420    	0.1533853583 -0.0662245715 0.1646208265	-0.181420973271E+01 0.237193091147E+01 0.125350417518E+01
  -20642.4917649      -41616.9850902      -15399.7523791    	-0.0416066236 -0.0838827085 -0.0310407811	0.200899018019E+02 -0.158311739852E+02 0.777734001837E+01
  -23830.2578588      -20152.3185009      -73251.5468667    	-0.0480312670 -0.0406194493 -0.1476405577	-0.251782058812E+02 -0.207715257210E+01 0.333006680606E+01
  -38109.6280782       65766.1116670      -28419.7403271    	-0.0768107518 0.1325540569 -0.0572819968	-0.104709853199E+00 0.169544345199E-01 -0.700310057243E-01
   120058.263610      -56790.2162410       60915.3608520    	0.2419804710 -0.1144635973 0.1227745787	0.586967124488E+01 -0.218082885466E+02 -0.188437340649E+02
   48570.9224029       146582.787550      -16956.1464448    	0.0978954633 0.2954416654 -0.0341755230	0.581840919337E+01 0.137823063176E+02 0.437725012566E+01
   9705.32477778       244904.444881      -56839.1305238    	0.0195615650 0.4936126246 -0.1145633573	-0.596712205619E+00 -0.494188563666E+00 0.173710560076E+01
   33381.2072996       38194.2675247       142171.815054    	0.0672813281 0.0769802784 0.2865513149	-0.556247967131E+01 -0.227498705335E+02 0.162140672008E+02
  -241886.718143      -114824.084520       33158.7612724    	-0.4875298307 -0.2314304648 0.0668322854	0.702448290520E+01 -0.328606152332E+02 0.205950723582E+01
   15793.0046594       9030.56669464       60047.4913993    	0.0318316275 0.0182011644 0.1210291838	0.246908735134E+02 0.103882594640E+02 0.700478203640E+01
   126893.486153      -5326.00627911      -175143.980182    	0.2557566618 -0.0107343837 -0.3530069362	0.922561314712E+01 -0.162135397176E+01 -0.162482965645E+02
   95060.1133034      -40964.8708350       27622.2222318    	0.1915990947 -0.0825672292 0.0556735161	0.971902971502E+01 -0.483168553957E+01 0.193967870650E+01
   115774.995788      -31957.7930894       73294.8985395    	0.2333499175 -0.0644111104 0.1477279415	0.109928881801E+02 -0.169295187542E+01 0.565423962910E+01
   16267.3038137       43812.3852385       44320.7445192    	0.0327882199 0.0883066892 0.0893314584	0.131693978059E+01 0.249267333806E+01 0.375778229287E+01
   73672.9150692       215511.721587       12356.0357264    	0.1484913207 0.4343708078 0.0249045738	-0.158969413676E+02 0.147302370628E+02 0.935061259336E+01
   87265.3652920      -173423.145996      -35047.0117235    	0.1758866772 -0.3495404196 -0.0706371171	-0.465261903311E+00 0.132930596605E+01 0.267759458865E+00
  -227970.341946      -469.158201021       38368.5876914    	-0.4594813914 -0.0009453017 0.0773330341	-0.141737265359E+02 -0.250549788891E+02 0.217824434050E+02
  -83621.1877681      -136076.364141       23412.0761355    	-0.1685408647 -0.2742673261 0.0471875127	-0.849779198740E+01 -0.134805701168E+02 0.293722975119E+01
  -45454.8742756      -14513.6338287      -96268.3616960    	-0.0916146329 -0.0292521158 -0.1940335141	0.539597227701E+00 -0.553715704764E+00 -0.420253854256E-01
  -18540.7249290       39052.6176389      -21426.2124909    	-0.0373690458 0.0787120177 -0.0431851501	-0.201789768520E+02 -0.315356391710E+01 0.180004818426E+02
  -57300.9803006       44932.6041584      -12492.4262833    	-0.1154913329 0.0905619041 -0.0251795040	-0.453742242153E+01 0.492815701991E+01 -0.149325526850E+01
   81996.9611704       122069.441286      -114436.601349    	0.1652663071 0.2460351475 -0.2306495734	-0.460335113448E+00 -0.186246980670E+01 -0.996177870649E+00
  -57610.8372085       81583.7344598      -83650.9600632    	-0.1161169059 0.1644343233 -0.1686008727	0.204523208741E+02 0.117993738203E+02 -0.112898762826E+02
  -219227.647078      -84780.9410863      -50847.6672655    	-0.4418591699 -0.1708792581 -0.1024853301	-0.483993311828E+00 -0.173153663743E+00 0.105513827888E+01
  -47273.9251495      -111437.523920      -98238.2624341    	-0.0952834189 -0.2246080313 -0.1980013772	-0.711588557453E+01 -0.767243706877E+01 -0.132833411887E+02
   908.291629584       28819.1311877       108163.516118    	0.0018314758 0.0580855583 0.2180078276	0.101891080254E+01 0.339824165312E+01 0.995791076125E+01
  -143953.949057      -130485.159936       148155.604188    	-0.2901449622 -0.2629964910 0.2986122100	0.626090860603E+00 0.263713690971E+01 -0.144378253778E+01
   39702.1793380      -45145.9628700       51409.7236817    	0.0800209004 -0.0909935248 0.1036178305	0.436674305642E+01 -0.385711781118E+01 0.886084031144E+01
  -122806.154912       102002.369160      -59266.4658122    	-0.2475200788 0.2055878546 -0.1194553587	0.115135037895E+01 -0.188119040945E+00 0.197771341474E+01
   49061.1673217       23922.7493475       141782.892864    	0.0988845345 0.0482157011 0.2857682648	0.653805617503E+01 0.552131718690E+01 0.160613746803E+02
  -96912.9092382       85475.3180101       9351.64221486    	-0.1953312233 0.1722775005 0.0188473731	0.129348295516E+01 -0.232430769154E+00 -0.398895780770E+00
   66552.1296631      -122778.171642      -3626.15595080    	0.1341391730 -0.2474635430 -0.0073076536	-0.169543706851E+02 -0.100999348672E+02 0.159714517831E+02
  -65814.4831829       184839.780572      -55513.6463149    	-0.1326504141 0.3725496677 -0.1118889422	0.115788733850E+01 0.257402693105E+01 -0.263095796142E+02
   148504.670897      -187700.671397       36750.4245103    	0.2993159196 -0.3783168532 0.0740722678	0.243104394160E+00 -0.291535394894E+02 -0.202149403968E+02
  -39161.7060840       41125.8343095       79778.2736042    	-0.0789324330 0.0828908604 0.1607941029	-0.260547888060E+02 -0.102333631600E+02 0.199445524542E+02
  -164952.366340      -31180.4152077       90163.3607120    	-0.3324667660 -0.0628460999 0.1817279879	-0.660617559886E+00 0.141682067968E+02 0.190649399241E+02
  -123049.801186       53089.6152184      -41867.2935152    	-0.2480102058 0.1070033932 -0.0843854160	-0.114710467083E+02 0.502214978786E+01 -0.538425676013E+01
   161323.628703       42931.6415902      -110344.402265    	0.3251534784 0.0865321488 -0.2224029513	-0.942166609614E+00 0.162456894975E+01 0.102577980020E+01
   535.154029761      -124383.693221      -12090.8380184    	0.0010797973 -0.2507000861 -0.0243695300	-0.141283172546E+01 0.164598357275E+01 0.157180080511E+01
   8482.82648492      -184540.782263      -4204.02494657    	0.0170974500 -0.3719485355 -0.0084741958	-0.142986043296E+02 0.372390295532E+01 0.185970800444E+02
  -120283.539393      -117496.366999       8495.74464825    	-0.2424355944 -0.2368187498 0.0171239333	-0.165957463327E+02 0.944401714214E+01 0.165454912479E+02
  -197345.385874       49174.7931698      -104396.952582    	-0.3977552967 0.0991123677 -0.2104163012	-0.164456001069E+02 0.278614816338E+01 -0.105107180524E+02
  -11156.8803859      -72993.1980612      -52385.8401566    	-0.0224882125 -0.1471207035 -0.1055842127	-0.170170454064E+02 0.138136049864E+02 -0.695503537493E+01
   11720.5131324       25286.5758627       113878.512859    	0.0236231269 0.0509666142 0.2295266586	0.185949769396E+02 -0.280138460135E+01 -0.108694366980E+02
   53152.6600863       143677.053367       95552.2435821    	0.1071312935 0.2895869982 0.1925903171	-0.185051637567E+02 0.124457382744E+02 -0.276110286257E+01
   2230.89137767      -30866.7150350      -89147.1173738    	0.0044964547 -0.0622145741 -0.1796796731	0.206705019072E+02 -0.935361237639E+01 0.190189188048E+01
   54502.8317790       11716.0704646      -25733.8437754    	0.1098536378 0.0236132896 -0.0518652520	0.106400626792E+01 0.178095402784E+01 0.148969796413E+01
  -89287.2457895      -55398.5955939      -62811.2069347    	-0.1799613183 -0.1116575961 -0.1265985666	-0.232666000555E+02 0.174437805057E+02 -0.141258409946E+02
  -30133.3534833      -119283.568922       74179.1156440    	-0.0607358843 -0.2404186438 0.1495103441	-0.264055927596E+01 -0.101869161127E+02 0.859637844606E+01
  -117139.023583       23182.6747620       101198.956784    	-0.2360984950 0.0467260055 0.2039709718	-0.989551329171E+01 0.371547602226E+01 0.688810965655E+01
  -50393.5109109      -131607.210940      -47498.5853397    	-0.1015702286 -0.2652585839 -0.0957343280	0.174821329226E+02 -0.134914149200E+02 -0.121035823974E+02
  -442.889319264      -153646.834359       39542.9666871    	-0.0008916214 -0.3096786344 0.0797019289	0.155040573884E+02 0.180460028968E+01 0.159159813441E+02
   25109.2291645      -223933.263212       110086.654521    	0.0506101112 -0.4513425762 0.2218815865	0.130805758990E+02 0.377924033732E+01 0.209142397188E+02
   73120.6560129       28569.5537198       18344.1790879    	0.1473771860 0.0575825790 0.0369729208	0.855143671526E+01 -0.135869563459E+02 -0.178030334907E+02
  -55684.0725305      -167699.295971       30834.0206799    	-0.1122333866 -0.3380038293 0.0621485713	0.137657580609E+02 -0.993931342697E+00 0.220399719755E+02
   183500.366032       132851.900487       22085.4984762    	0.3698506560 0.2677693950 0.0445127390	-0.762024170615E+01 0.766159823690E+01 -0.185832479984E+02
  -125420.426275      -90612.9047945       33771.2966925    	-0.2527895039 -0.1826337122 0.0680671514	0.102233918652E+02 -0.212509618048E+02 0.104189497707E+02
   79378.1290437      -87701.6926022       32825.6073447    	0.1599891470 -0.1767654216 0.0661618911	0.138794024869E+02 0.185032902717E+02 0.903763852803E+01
   91199.0516318       64393.4180077       8120.37800898    	0.1838154270 0.1297874577 0.0163660643	0.611817277705E+01 0.299410339296E+02 -0.665080531200E+01
   61966.1821157      -125436.025357       117476.266598    	0.1248942740 -0.2528202392 0.2367773470	-0.225981716858E+02 -0.832703009501E+01 0.124990111331E+02
  -22143.6431063      -20354.1033780       80476.4143361    	-0.0446314917 -0.0410237812 0.1622031833	-0.588349458990E+01 0.217668724547E+02 0.139879887432E+02
   95686.6885144      -34109.0342493      -46474.6056375    	0.1928584141 -0.0687462951 -0.0936689542	0.985201430361E+01 -0.521354116296E+01 -0.439184014576E+01
  -36987.6171239      -214243.106085      -71356.5389566    	-0.0745515584 -0.4318153983 -0.1438220616	0.205005395940E+01 -0.244236421878E+00 0.738448419953E+00
   48652.1322884       87413.7567004       68690.1948993    	0.0980577443 0.1761851254 0.1384464506	0.435206266852E+01 0.205180323252E+02 -0.124313958598E+02
   86474.6563429      -50164.5575050      -15161.3595799    	0.1742926263 -0.1011093393 -0.0305585733	0.796543406986E+01 -0.550208097262E+01 -0.107096867851E+00
  -32103.8031572       60011.1188495      -2246.09894494    	-0.0647070969 0.1209539351 -0.0045281998	-0.110030022734E+01 0.303725425504E+01 0.349446672665E+00
  -139438.771007      -72803.1252885      -33895.3902262    	-0.2810432913 -0.1467373119 -0.0683161331	-0.135549601023E+02 -0.858210482907E+01 -0.815721045840E+01
   88980.0970923       88794.8243585      -16006.7261171    	0.1793434062 0.1789680691 -0.0322642918	0.100908415765E+02 -0.185429883919E+02 -0.117069954245E+02
  -113298.556669       60308.8358023       143088.028935    	-0.2283561859 0.1215533943 0.2883970381	0.231310457072E+02 0.152953872158E+02 0.566408457314E+01
  -40452.7894080       98638.2297210      -38871.6201230    	-0.0815344056 0.1988079129 -0.0783465686	-0.926818221280E+00 -0.359882214061E+00 -0.967521049576E-01
   140034.304742       82626.5455063      -31012.3195674    	0.2822451240 0.1665361926 -0.0625083917	-0.369892686034E+01 0.168744012577E+02 0.153151876157E+02
   163861.228871       204.098592094       31147.5056747    	0.3302682697 0.0004109275 0.0627783764	0.717591128237E+01 0.141969164003E+02 -0.172731587876E+02
  -33892.4768444      -98361.4400749      -8555.98605578    	-0.0683110916 -0.1982493968 -0.0172435317	-0.974361857770E+01 0.177194110300E+02 -0.101481987900E+02
  -65907.4694439       76391.1553773       54258.1325146    	-0.1328419043 0.1539685586 0.1093571969	0.123514796733E+02 0.305060221696E+02 -0.491194144835E+01
   53631.8639309       45148.1725490       34265.1166041    	0.1080968288 0.0909965418 0.0690623014	0.536216959937E+01 0.286570059397E+01 0.105288626350E+00
  -33368.6531686       7472.19557287       42778.2370329    	-0.0672560172 0.0150617282 0.0862205210	-0.312542670964E+01 0.528902268624E+00 0.643881490931E+01
   18637.9877472       44224.3786321       138202.403813    	0.0375647458 0.0891377903 0.2785515769	-0.197321075477E+02 0.135485030941E+02 0.102660070018E+02
   53748.9761014       20126.2580562      -5986.76934942    	0.1083327134 0.0405653521 -0.0120659916	-0.229583568534E+02 0.547653758261E+01 -0.989226056057E+01
   194333.707741       154933.766996       24598.3214205    	0.3916857046 0.3122725640 0.0495783392	-0.763332693783E+00 -0.128465397087E+01 0.100385436548E+01
   21688.0167200       5902.11765030      -42556.7895150    	0.0437160379 0.0118959236 -0.0857758715	0.266079415037E+02 0.883249247061E+00 0.428156754890E+01
  -20391.2929813       58951.3829553      -2287.81065323    	-0.0410988130 0.1188162458 -0.0046120162	0.533609067794E+01 -0.104990871106E+02 0.215387477644E+02
  -4983.68639334      -6966.13776673       15448.9413640    	-0.0100461542 -0.0140452515 0.0311363925	0.275831585459E+02 0.588592250312E+01 0.789662976448E+01
  -29863.8698708       35665.8345063       48332.7011990    	-0.0601929419 0.0718856136 0.0974147101	-0.158750669964E+02 0.184315485833E+02 0.123039386192E+02
  -43941.8537696       34931.1314952      -4254.13441065    	-0.0885695997 0.0704038836 -0.0085736139	-0.218031865682E+02 0.656409222423E+01 -0.129474780092E+02
   38659.9317048      -15685.3591762      -694.777716038    	0.0779201962 -0.0316126981 -0.0014030497	-0.614470419958E+01 0.764631810862E+01 0.287889590263E+02
   884.226205974      -2372.50298757       6478.03079287    	0.0017858145 -0.0047809460 0.0130553680	-0.112847650492E+02 -0.697104996130E+01 0.213956411929E+02
  -3652.83223166      -10328.0058499       55444.4865934    	-0.0073642644 -0.0208155942 0.1117508814	-0.289733504810E+01 -0.252508691958E+02 -0.887222307911E+01
   9526.52603441      -79180.1034949       16987.2673084    	0.0191992331 -0.1595898162 0.0342416963	0.200489633345E+02 0.185047590159E+02 0.125562174461E+02
  -41690.6574199      -61259.4179814      -20773.6962903    	-0.0840273161 -0.1234693350 -0.0418689399	0.256444615809E+02 -0.120285341476E+01 -0.175731530015E+02
   420.143389066       41482.3815835      -28129.5040582    	0.0008487448 0.0836075883 -0.0566971204	-0.261522929401E+02 -0.216585942525E+01 0.161822302148E+02
  -13610.3290954      -20554.2652581       21206.5543882    	-0.0274309396 -0.0414270025 0.0427414085	-0.282592418228E+02 0.873667945042E+01 -0.300463196741E+00
   10145.6707078      -8762.30119232      -29676.3975096    	0.0204520816 -0.0176605008 -0.0598145753	-0.148324238368E+02 -0.309641605854E+01 0.216971513260E+02
  -28115.5611925       26355.9662139      -64224.6275636    	-0.0566681986 0.0531216518 -0.1294500009	0.182078972843E+02 -0.165955687568E+02 0.151480703972E+01
   39379.1262596       29673.5260958      -26237.9350227    	0.0793698959 0.0598099130 -0.0528865022	0.819115854353E+01 0.293641077128E+01 0.261379580710E+02
   62589.6056797       16231.2632590       31121.1907252    	0.1261538672 0.0327115275 0.0627236344	-0.836759284353E+01 -0.118218540036E+02 -0.181761304730E+02
  -3073.83284496       4408.29752434       31530.5475209    	-0.0061963368 0.0088847423 0.0635511495	0.169063180355E+02 -0.109966135573E+02 0.173404358557E+02
   2934.94770145       22962.8102134      -83395.5881661    	0.0059148825 0.0462825642 -0.1680853944	0.587994065049E+00 0.216256591833E+02 0.143039588022E+01
  -63049.9660673      -28313.4782537      -9591.75414489    	-0.1270796971 -0.0570655029 -0.0193328192	0.441270813567E-01 0.125755544797E+02 -0.201998789977E+02
  -13056.2118940      -15402.0076462       33316.3820731    	-0.0263163531 -0.0310423449 0.0671490430	0.155115676599E+02 0.180182002105E+02 0.743468349087E+01
   56831.6131260       4711.81677552      -33668.8471811    	0.1145465181 0.0094966624 -0.0678623140	0.192374513756E+00 0.316841576729E+01 0.250498685617E+02
   78317.6217328       46917.2649016      -11030.7663567    	0.1578461923 0.0945668424 -0.0222326496	-0.337167290520E+01 -0.200489147070E+02 0.135913055083E+02
  -66654.1936267       14554.7794856      -9282.01396956    	-0.1343441129 0.0293403546 -0.0187049525	0.151369037951E+01 0.105119635410E+02 -0.251500658499E+02
  -18604.6810350      -28477.5963591       6929.65540736    	-0.0375010494 -0.0573957741 0.0139681928	-0.254853346966E+02 0.388362129074E+01 -0.993457477377E+01
   21564.0515556       19065.9162036      -25925.2989212    	0.0434605832 0.0384266681 -0.0522531271	-0.223870609242E+02 0.137735529025E+02 0.447769540209E+01
   14985.5845718       8423.08043277      -13295.5799710    	0.0302001298 0.0169783852 -0.0267972094	0.230531026610E+02 0.147370564020E+02 0.308868191036E+01
  -13038.4778154      -27561.4999561      -8597.87230212    	-0.0262784991 -0.0555508225 -0.0173286020	-0.218350551231E+01 0.934434447061E+01 0.319113950235E+02
   12526.3064897       9168.36105968      -10513.3729868    	0.0252435549 0.0184808268 -0.0211912776	-0.193456025065E+02 0.303400483363E+01 -0.159449366531E+02
  -24589.8246671       58968.8954246      -61419.9031830    	-0.0495619552 0.1188548634 -0.1237927755	0.108657856230E+02 0.125347088008E+02 -0.265402855986E+02
  -34826.7403165       6104.55811698      -13134.2742386    	-0.0701927973 0.0123042401 -0.0264739400	-0.806867403011E+00 -0.191952910317E+01 -0.791366685303E+00
  -30922.7621241      -33118.7007239       40668.1990032    	-0.0623240885 -0.0667507366 0.0819654666	0.983204662674E+01 0.119794124923E+01 -0.229321296127E+02
   29016.7179538       1812.16499827      -16906.3915023    	0.0584819498 0.0036551578 -0.0340725234	0.116765669629E+02 -0.212164455421E+02 -0.120151910173E+02
  -29344.0781822      -63570.3374863      -26418.9076250    	-0.0591451121 -0.1281285383 -0.0532499729	-0.549598837122E+01 -0.260205838645E+02 -0.186732637515E+01
   104201.911730      -1038.00934043      -12180.7750467    	0.2100235687 -0.0020953744 -0.0245463728	-0.709878365739E+01 -0.258129940786E+02 -0.586444548210E+01
   8844.38280805       9909.22638031      -7139.55924641    	0.0178259985 0.0199749095 -0.0143889935	0.945904548680E+01 0.218681716309E+02 0.799000810376E+01
   35895.3190694      -103288.307996       35357.4417023    	0.0723464313 -0.2081805970 0.0712678924	0.160871304768E+02 -0.799423994868E+01 -0.236462855594E+02
  -7596.44514797      -32232.7245761      -36244.6980541    	-0.0153094141 -0.0649653566 -0.0730524521	-0.114023991501E+02 0.397376686045E+01 -0.291181486679E+02
  -75938.0275269      -15020.4442408       40402.1292232    	-0.1530552766 -0.0302759827 0.0814314573	-0.824794413178E+01 0.209358209066E+01 -0.255424043410E+02
  -7299.71600752       31013.8560611      -23532.4968625    	-0.0147133789 0.0625130814 -0.0474275122	-0.112572570612E+02 -0.205087217924E+02 -0.607531471785E+01
  -5217.44109129       38553.0873746       94971.3490822    	-0.0105160832 0.0777022428 0.1914153472	-0.154502718926E+02 -0.111661045321E+02 0.285313519102E+02
   42204.6764788       18397.9888803      -41819.0692866    	0.0850661603 0.0370845975 -0.0842881539	-0.167229640420E+01 0.381761697178E+00 0.260520633474E+00
   18094.0917893      -33481.7757138       3999.51900767    	0.0364673236 -0.0674851367 0.0080611838	0.118690379691E+02 0.141428497866E+02 0.173999472974E+02
   29307.4982855       18447.4001542       38573.7670287    	0.0590671248 0.0371804898 0.0777463594	0.188731366214E+02 -0.727968896798E+01 -0.106894304961E+02
   34743.2119647      -21052.1793567      -20397.8151938    	0.0700272341 -0.0424327132 -0.0411115533	-0.175558428603E+02 -0.441530604691E+01 0.127396328443E+02
  -62004.9269497       13537.8215543       7365.18769274    	-0.1249721838 0.0272893622 0.0148457446	0.606872406173E+01 0.161968448400E+02 -0.203250519704E+02
  -21590.5325423      -13330.2511845       699.541898211    	-0.0435159304 -0.0268677013 0.0014140545	-0.178992366934E+02 0.113037733161E+02 0.193500938834E+02
   43258.8014985       16029.9996032      -24110.9665008    	0.0871930063 0.0323077372 -0.0485944248	0.186343786255E+02 0.630707385235E+01 0.223877174374E+02
   14190.5947532      -17347.4447318       54282.5615639    	0.0286044618 -0.0349632072 0.1094074045	0.269645602601E+02 -0.602427102877E+00 -0.951615609927E+01
  -43178.7580725      -2257.63563762       41506.6565619    	-0.0870281049 -0.0045516204 0.0836621746	0.107604972489E+02 0.380930729906E+01 0.245379985235E+02
  -28263.8289713       21734.0549992      -15244.0679971    	-0.0569682161 0.0438043192 -0.0307248582	0.129472726067E+02 0.261419362020E+02 -0.147603240492E+02
  -17165.1763441       22879.1018812      -21427.0301152    	-0.0345956688 0.0461127352 -0.0431861606	0.127675946949E+01 0.289186203598E+01 -0.331036592451E+02
  -15071.6248143       16072.1593133       47810.4973497    	-0.0303750328 0.0323954425 0.0963644953	0.113800906214E+01 -0.169540191125E+01 0.125931149625E+01
  -1976.68928178       11445.2698983       2077.13752106    	-0.0039828600 0.0230679826 0.0041873066	-0.275397867814E+02 -0.826369422963E+01 0.234428763897E+02
  -42566.6945517       13575.6055831      -22636.3164473    	-0.0857918754 0.0273618964 -0.0456230089	0.777067766907E+01 0.334830042799E+02 -0.515514150258E+01
   27371.5891130      -38129.0897125       57343.4495266    	0.0551682643 -0.0768500623 0.1155784861	0.219500265090E+02 -0.569913245831E+01 -0.266028753762E+02
  -21286.3776687       13533.9601823      -40624.0604976    	-0.0429050550 0.0272762877 -0.0818797434	-0.228169899612E+02 0.210515804387E+02 0.788124316646E+01
  -24727.4998393       31320.9525061      -48537.4129479    	-0.0498409214 0.0631275445 -0.0978292554	-0.443608835649E+01 0.159528792082E+02 -0.350711705893E+02
  -14337.8625415       48892.0961482      -2977.47318621    	-0.0288972212 0.0985442276 -0.0060013331	-0.884975361053E+01 0.331332397457E+02 -0.128849386668E+02
  -8939.73986063      -20700.7985731      -4682.72304652    	-0.0180183283 -0.0417212009 -0.0094387989	-0.146315981297E+02 0.300255464873E+02 0.758679896097E+01
   70405.2407764       94428.6527773      -27670.7325475    	0.1419062275 0.1903227710 -0.0557720943	0.271294515893E+02 -0.166036553314E+02 0.127480693702E+01
   7659.15827787      -11939.5368445       5593.25925514    	0.0154371000 -0.0240670937 0.0112743936	-0.136677935910E+02 -0.259817897308E+02 0.176193354864E+02
   32402.8108905       5792.20755658       2933.71995121    	0.0653088465 0.0116719677 0.0059121453	-0.223823284662E+02 -0.222719571787E+02 0.833953065421E+01
   30527.6343033       5959.55223649      -30976.4557166    	0.0615287350 0.0120103638 -0.0624322947	-0.129542054461E+02 0.298414455331E+02 -0.129951460879E+02
  -17114.2747783      -12633.2492343      -20868.2359076    	-0.0344931533 -0.0254607178 -0.0420617394	-0.271580061988E+01 0.239724414242E+00 -0.341782683192E+01
   54812.8724145      -15469.3860751      -18029.9845710    	0.1104778347 -0.0311772716 -0.0363436052	-0.186355642423E+02 0.259695232340E+01 -0.304650651936E+02
   44770.4887757       92883.1787774      -68080.4233467    	0.0902362951 0.1872106448 -0.1372193511	0.122898577326E+02 0.295800611881E+02 0.156567124917E+02
   17040.7662301       44368.1689397      -4625.35557487    	0.0343483547 0.0894246070 -0.0093228922	-0.331762655889E+02 -0.359710680661E+01 0.827398857066E+01
  -15648.8842254      -29918.8921222      -41471.3759648    	-0.0315374907 -0.0603048946 -0.0835885236	-0.703534900446E+01 -0.181851551678E+01 -0.587429820232E+01
   28272.0159575      -13301.7054153      -30142.9067115    	0.0569823957 -0.0268095954 -0.0607539860	0.951808515218E+01 -0.302231545937E+02 0.865292369338E+00
   30598.1232749      -56089.0703656      -24639.9897816    	0.0616707434 -0.1130496009 -0.0496616059	0.231150926882E+01 -0.192084432329E+01 -0.265283637419E+01
