LJ                                                                              
         2         1       256  -154363.306309    
     22.877600000000      0.000000000000      0.000000000000
      0.000000000000     22.877600000000      0.000000000000
      0.000000000000      0.000000000000     22.877600000000
A                1
     10.41073233        -1.745660369         7.730767123    
   1.00695515103     -0.540467339145       1.78953333209    
   467.705074595       547.169575755      -1025.12776079    
A                2
     4.158656308         5.099446361         8.538144980    
   1.27167206896      0.830751674657     -0.679978893534    
  -22.7386516561       84.3733132707      -2.93484606186    
A                3
     2.490235464         5.549761085       -0.1536419758    
  -1.10339410888       1.13827002768       1.21636667842    
   233.674558468       752.686108048       251.157861714    
A                4
     6.404053512         7.128633894        0.3610677066    
   1.62909896782      0.850061085647      0.280205408131    
   113.086646601      -181.872873657       256.778751115    
A                5
     2.661661332         7.669367770         11.04089666    
  -1.08893925544     -0.911131775864     -0.798741587338    
  -426.588839213      -24.0206566873      -80.4184624419    
A                6
    -2.188245929         1.349417081        -8.430291943    
  0.207263068397       2.56047541409      0.857218878792E-03
   284.926920322      -51.4948090993      -2.17501334315    
A                7
    -5.578031812         9.626167233        -1.548014974    
   1.04270567260      0.164571418046      0.821104335805    
   1072.17007918      -42.8168607167       149.949703660    
A                8
    -1.998958496         10.91531424         5.462168784    
 -0.637668931867      -1.26889094435       1.60686004016    
   418.442579247       515.926613004       299.661183484    
A                9
     3.502543681        -1.087295293        -8.999396686    
   3.43959786360     -0.435196601862       2.79282995786    
   591.773634376       20.7775848155      -680.317325264    
A               10
    0.2715267713        0.3986188946         3.444969104    
 -0.966230746188       2.12035987569      0.857847769416E-01
  -58.6334899148      -158.701564914      -253.200885776    
A               11
     7.752828139         9.651961392        -5.070872437    
  0.404560875526       1.17194734086      -1.62315279844    
  -263.253676357      -292.934186892       66.6168053838    
A               12
    0.2097411378         8.293665599         7.230879475    
   1.40203092845      -1.14919336291       1.61189114046    
   380.101573462       23.8353062371       157.411829109    
A               13
     8.239437972         8.849798168         7.532007940    
   1.16984744735      -1.07631525108      0.561352049178    
   171.930219003       12.2907707695      -503.784556195    
A               14
    -10.55871125        -4.022556528         9.600446675    
 -0.960922846040E-01  0.513678607031       1.62802066544    
   81.5230975134      -765.408955185      -482.350728563    
A               15
     8.246397030         11.33332616         10.32362122    
 -0.676213080821     -0.169548690649       1.80152008734    
  -283.061193886       192.680510843      -702.293704949    
A               16
    -3.873684628        -7.531032284        -9.510419767    
  0.569456570400      0.821846877739      -2.09087953045    
  -663.409718220      -351.868489409       16.0033060834    
A               17
     3.559657733        -2.988350392        0.4495452727    
   1.02094232988       2.36324503544       1.56389836084    
   199.592771491       465.944861683       1113.98318693    
A               18
     10.32262570        -2.237084833         3.483610022    
  0.412394661488     -0.323007350725       1.40470418437    
  -235.719646494       87.7573080524     -0.531673021311    
A               19
     11.43113477         3.562744442        -6.340515961    
 -0.388333565095     -0.525314611087      0.692632504377    
   119.910035084       59.0850092714       215.956404891    
A               20
    -2.314746991         10.79589936        -7.996647420    
  -1.11580973597     -0.274168834916      0.698146233578    
   158.132804803       562.506938433      -435.643778568    
A               21
     2.445162606        0.3718582159       -0.5487693953    
 -0.972050247217      0.719610221771      0.168282983876    
   270.350057444       548.359149207       160.442438283    
A               22
    -6.108424907         11.25674940        -6.555595692    
  0.912311412360       1.33239710618     -0.767241838349    
   727.324440088       257.922456795      -772.185460682    
A               23
     4.973611186        -2.234547785         10.44730141    
  0.123506499995      0.257429055161       1.25994101935    
  -833.635432285       26.4360479531      -22.8046387194    
A               24
     6.008127693         6.695622581        -3.143597930    
  0.401932327100      -1.31967682652     -0.580134397712    
  -100.058293643       13.3687042705      -262.307308632    
A               25
     5.927629520        -4.026283892        -9.447887013    
   2.03621046152      0.178246389145     -0.783243552895    
  -319.066017269       156.712335451       28.5857798581    
A               26
     7.136131112         7.486611665         10.51825974    
  -1.46078383660      0.530000442690      -1.01829495517    
  -1199.08555197      -468.513920956      -162.903014441    
A               27
    -9.751124187        -8.259933165        -1.431947393    
   1.59092094324      0.764686109283      -1.42154027111    
  -6.80982847300      -274.952000118       238.660934942    
A               28
     1.025252572         11.36410496         9.181381857    
 -0.322679194072E-01 -0.608460282700      0.466073522259    
  -175.252059510      -34.9626714837       598.682056521    
A               29
    -3.066633777         1.795722598        -4.492207338    
  -2.99172932039     -0.301463087032     -0.930447089736    
  -337.500237225       110.751468300      -11.0989175147    
A               30
    -1.174074214         4.538899859         1.880732712    
  0.872588856658      -1.85760403386      0.438352254074    
   47.7475480610      -80.0123943683      -45.5344608878    
A               31
    -8.345023174        -8.324722513         5.842429123    
  0.702022876179      -2.92536631625      -1.96256683280    
   354.755409671      -387.443301553      -56.1760939426    
A               32
     10.54706330        -7.236040978        -5.178899817    
   3.03096812452       1.31404304456      -1.52096215926    
   307.548379483       1087.89313155      -705.808778712    
A               33
    -4.861283153        -9.377564716         7.521638299    
   1.94829438355       2.00863538905      -1.21181020391    
   648.220760236       267.109764348      -594.586554073    
A               34
    0.7246674593        -5.713056547         6.122649061    
  0.721800374303     -0.329997701683E-01 -0.776138860988    
  -538.461816648       194.379701032      -404.769452797    
A               35
    -2.675903520       -0.2744279834         9.231219847    
  -2.17456943281      0.250400202500      0.984796845108    
  -360.593089647       231.949365143      -610.515021135    
A               36
    -7.800418783         3.937715079        -6.684612012    
 -0.366471651777      0.802836155681       2.58792153401    
  -87.2979217341      -65.2915548067       38.2404228003    
A               37
    -5.464899636        -10.70086956        -10.69529538    
  0.775337269118     -0.340551119584E-01 -0.463469044173    
   511.805653646      -519.341335824      -68.7634092823    
A               38
     8.327280702        -1.893357603         10.33968002    
  -1.64158086826     -0.357207098929      -2.12338007333    
   295.329487853      -75.1973803337       913.923759163    
A               39
    0.7573524254        -10.75870384         2.867929560    
  -1.41702248174      0.597164536131E-01 -0.659663639390    
  -462.220401326      -317.488128493      -750.164690939    
A               40
     8.452807483        -10.45322596         6.696094374    
  0.262746165097     -0.421722991230      -2.40487702485    
  -293.233262821       52.0104159650       254.493337805    
A               41
    -9.238041548        -9.461508484         2.376199072    
  -1.49393100653      -1.57102675803     -0.580297918224    
  -370.979115796      -546.906910413       83.0123805778    
A               42
     7.044132099         3.738632726         9.645505316    
  0.576435300396      0.674984724982       1.52999044685    
   763.535767842      -252.342480823       201.947862604    
A               43
     7.879569391         1.326802883         2.401740693    
 -0.995877794758      0.256098007540      0.540820911602    
   281.065872597      -265.054413806      -27.8203694269    
A               44
     1.420507857        -5.936667806        -5.931159356    
  0.318261865118      0.900437146698       1.92997788084    
  -237.015133059      -236.162851678       889.704910792    
A               45
     10.01744014        -1.609884429       -0.6882420745    
 -0.652915010361     -0.549615314325       1.76828061470    
  -189.203549496       36.2658169604       289.597176480    
A               46
     5.719247027        -11.15417815        -8.218541402    
  0.648946781962     -0.753676309479E-01   1.43580524003    
  -32.2649606443      -730.562519556       140.701923529    
A               47
    -4.687438025         1.761011424         1.545344314    
   1.59507927284       1.50119704173       1.07116832624    
  -79.0949878413       764.701300147       854.466922563    
A               48
     10.95527565        -3.800209220        -7.542086367    
  0.149820391887     -0.154135169552      0.259640507743    
   306.353337357      -91.4630037365       174.462702630    
A               49
     11.27597915        -7.743188926         6.895469111    
  0.453373815735      -1.39308748052      0.571849209473    
  -699.002981540      -967.644886893       317.399148005    
A               50
     5.017651992         2.975537912       -0.8836975183    
  0.726474143077      -1.06988860123     -0.413962668118    
  -121.344753568       681.741706993      -343.863482206    
A               51
    -4.184203980       -0.4731772365       -0.8852796343    
  -1.57034888818      -2.61346853247     -0.200948942958    
   459.406114151      -395.328043248      -553.572719695    
A               52
    -5.918118328        -1.978114537         3.424458693    
   1.33963888695       1.64893084891      0.853044546440    
   641.766009702       28.8699158463       245.743783216    
A               53
    -5.199654388         5.618583672        -4.071065842    
  -2.30925124773      0.946429551188      0.180107941019    
  -136.516887629      -19.9833059390      -123.809825285    
A               54
    -10.26782007         4.592634178        -11.22110672    
  0.814518708452      0.537639045351     -0.431373535667    
   11.6773013622       991.291890046      -43.9303084246    
A               55
     6.321387559        -1.064583740        -5.730227576    
  0.285228096013      0.579643050328E-01  -2.34833318338    
  -77.0278220981       16.5250264437       56.7995455464    
A               56
     10.29618150         7.550526915        0.6331975284    
  0.288919157779     -0.278902056149      0.198244476623    
  -870.792783713      -414.761193474      -579.186190572    
A               57
    -4.204849387        -5.079477959        -6.020587114    
   1.24800367183      0.556950112056       1.69922155880    
   146.570670092      -31.7061145279      -198.743946981    
A               58
     8.340525993         6.020347424        -6.294498095    
  0.141924036644     -0.743460221880       2.92334291085    
  -124.759232679       382.942605345      -273.544132655    
A               59
     8.118599464         5.120363130        -9.856718028    
   2.04339579692     -0.987887562645       1.39019363116    
   217.375338170      -93.4719927709      -20.1953328563    
A               60
    0.5874742166         5.525766117        -8.959804484    
  0.175661694241      0.223091602355       1.36284243020    
   161.815619014       29.7811149663       94.2203416782    
A               61
     4.264695544        -4.927243145         4.008481202    
 -0.295129739877       1.57068552976      -2.13207338141    
   77.8279268703       529.859551525      -611.114346836    
A               62
    -11.24814246         1.214528219        0.9602039292    
  0.968178833611      -1.68153533380      0.573414932469    
   19.5035653634       136.846756319       128.780552326    
A               63
     3.442397574         9.215062829        0.3047444270E-02
   1.44229241171     -0.185065296068E-02   1.27119896176    
   137.723906508       435.692909427      -154.545492552    
A               64
     7.035531045        -3.688579245        0.9635298198    
  0.459379377597     -0.239332259963      0.279607247415E-02
   240.692815985      -40.3091297905       111.038998172    
A               65
     10.92486239        -8.147838460        -8.775295577    
   2.29774474477      0.979892960234E-01  -1.45430978820    
   207.644654971       141.347882441      -145.671207813    
A               66
    -11.08332777        -4.622589271         5.894220807    
   1.54763725430     -0.105506103937      -1.78439710517    
   105.377578547       835.746442680      -333.491369354    
A               67
    -11.23581980         1.967496508         4.876294340    
   1.02261628304      -1.14879528699     -0.831121389431E-01
  -117.025157534      -124.130987239       127.838957793    
A               68
    0.3899989042         11.37086392        -1.006302965    
   1.67635173669      0.904772432873     -0.468100511172    
  -75.3304634856       103.687738902       94.6393389569    
A               69
    0.5423296406        0.6105343189         6.926868369    
 -0.874216713120       2.08936454437     -0.884034582180    
  -226.593349488      -209.044002926       483.963100334    
A               70
     9.683218980        -6.473997378        -1.302838921    
 -0.941334393200      0.956738960060      0.993828528352    
  -140.669136091       208.082152783       147.978792110    
A               71
    -1.929343648        -4.685102625        -9.366143446    
   1.03703893379      -1.45472203382      -1.25598662780    
   266.364787330       313.552963170       41.7951201498    
A               72
    -1.530000069        -3.524707774         8.919879084    
  -2.76994860804      -1.64815915761     -0.363811619068    
  -41.7867566579      -447.012840281       5.36625964498    
A               73
     1.408712249         8.223062097        -2.742536105    
  0.505410049692      -1.43192468263      -1.39109550553    
   129.184978904      -383.680313509       732.641217111    
A               74
    -1.215513232         2.189422591         11.22586885    
   1.28539901047      -1.54701812248       1.19589147924    
   77.7344678530       323.421291577      -292.747468594    
A               75
     1.828757641        -8.860054007        -3.209513526    
   1.06108008528     -0.148861237866      0.865096457806    
  -930.333540455      -219.760590367      -1261.25669384    
A               76
   -0.7046898161        -8.335919945        -8.182226883    
  -2.11008151066       1.69075085746     -0.745877204721    
   63.0984447895       279.546224853      -140.183481300    
A               77
    -7.755409714        -9.860541873         9.146886026    
  -2.63208262331      -1.20426658777      -1.76933556463    
  -770.336276238       112.896435309       756.579259251    
A               78
    -8.247202724        -8.895990482        -10.14137131    
  0.100155933878     -0.659022897304     -0.828154007761    
  -884.732876086       412.867253623       60.4912777640    
A               79
   -0.7839106155        -6.771939563        -2.848709037    
  0.557141642163       1.87964674031      0.817467188600    
  -1101.66646678      -188.887865623      -372.893517184    
A               80
     2.146372974        -4.917863289        -9.055557484    
 -0.952031271473      -1.90508754347       1.71491086886    
   197.710120238       296.281441092      -856.357592717    
A               81
    -2.388522944        -8.507603662        0.4322977871    
  0.759058029895E-01 -0.349007434508      0.958879938772    
   191.747404369      -100.138268041       175.169358412    
A               82
     11.34934986         4.696948558         2.417243581    
  0.669995888029      -1.97661583162      -1.30832192438    
  -165.704067742      -470.750097091       490.371361656    
A               83
    -7.013081185        -9.363505693        -3.752845938    
   1.23644740598       1.24921501901     -0.205991872792    
  -258.804720874      -281.722576845      -107.048494324    
A               84
     11.16963706         10.73552885         1.453193984    
  -1.23728705225      -2.23026385717     -0.857080082347    
   141.209378770       545.897785281       339.616493517    
A               85
    -5.808855665         5.047890627         8.573444939    
 -0.888736950579      -1.81299955390     -0.617539012831    
  -347.654288764      -528.171899683       514.741856015    
A               86
     4.275390229        -5.595854640        -1.651053599    
  -2.30018062368       1.36496866860      0.316357055517E-01
   836.893927522       149.693955053      -866.060641821    
A               87
    -8.899880376        -1.698363954         5.865377405    
 -0.194238832280       2.17976054238       1.52654930589    
  -202.293425167      -350.288314225       593.371354280    
A               88
     3.655290599         1.154205381        -4.390282964    
  0.617255463545     -0.853415877383      0.500202625794    
   189.516145693      -416.901282440       288.053578609    
A               89
     9.649779142        0.8842885810        -3.956275356    
  0.779791568070     -0.474335203349       3.26063317827    
  -15.8731451723      -2.96997664516       7.31121483699    
A               90
    -7.381639569         6.542101587        -1.002235337    
  0.777699668728      -1.12229037481       2.74251382839    
   232.384613673       101.145333217      -187.166296418    
A               91
    -8.533780370         1.554774671        -11.02667659    
  -1.61321572470       1.23116999359       1.08804934512    
  -83.1314195435      -625.235947074       500.658414491    
A               92
     2.318634714        -7.827642530         8.492958375    
 -0.168164621224     -0.801018369324      -1.01082622360    
   806.664766753      -643.862381010      -502.476219684    
A               93
    -4.653952242         8.704096183         5.324770079    
 -0.613789974557       1.76279793793      0.259927755761    
  -872.174196269       60.3049473739      -65.4579246390    
A               94
     8.295847397        -5.712558300         4.575236078    
 -0.664402818590      -1.33797591944      -1.93246273918    
  -192.736021271       813.172413410       67.4959443286    
A               95
     8.442124401        -1.583004085        -8.696796804    
 -0.147103051212      -1.62483596042      -1.19152282972    
   162.212637149       198.897090968      -97.8369070615    
A               96
    0.6623477849         4.775332012         5.278471444    
 -0.934341056384      -2.34081670989      0.853946030536    
   118.332981665      -120.298853504       156.412052193    
A               97
    -7.427991713        -6.715458389         1.373847196    
   1.32900334004      -1.40369885123      -2.43561685847    
   325.010934470       614.323548331      -89.8158561680    
A               98
    -8.272494064         8.917721660         10.63697306    
  0.299670902865       1.85373672976     -0.840085887196    
   460.385337303      -252.742258426       367.259909172    
A               99
     2.389071362        -7.901426408         4.006277591    
  -1.11111726682       2.43201139102      0.465221989360    
   33.6264504102      -74.1670480604      -241.191887976    
A              100
    -1.318666949         8.650295725         10.95228198    
   1.40612763095      -1.07709622398     -0.706648117916    
   36.7089609503      -16.8013270636      -7.70904128912    
A              101
    -4.452122950        -7.494985628        -2.232471238    
 -0.134856039489      -1.38396522945      -1.75498458511    
  -90.3101843346       336.836021886      -294.363249002    
A              102
   -0.2544003574        -1.589279747        0.3768429475    
 -0.912734848190      -2.88737207092     -0.236427267025    
  -749.788794461      -66.0720668200       173.473866489    
A              103
    -3.965444190        -5.724179315         6.846159705    
  0.352638131317      0.356319900574       1.71073112514    
   332.751086930      -946.304701967      -177.928625742    
A              104
     2.222479641        -7.368831796        0.3453919471    
  -1.07831982178       2.43630126701      -1.03467824435    
  -1034.17264846      -137.206348074       893.023996354    
A              105
    -9.507801512         1.659017785        -3.187692093    
  0.109156844540       2.03765041860      0.495501817410    
  -446.345984697      -87.7591668906      -227.996605791    
A              106
     8.078347519        -6.033940355        -7.633673506    
  -1.82648636655      -2.41922800237       1.46348198504    
  -16.3807003690      -401.639238031       281.912563851    
A              107
    -9.007964953         3.042798284         8.819356145    
   2.48413964752       1.78090062765     -0.495930077981    
   262.754109076      -109.950811840      -976.387813026    
A              108
    -4.209824700         3.748567291        -7.209781646    
  -1.64203110284      -1.70345063028     -0.507517329620E-02
  -505.258152664       760.453520906      -22.2608082717    
A              109
    -9.390487237         7.389942355         1.916710800    
  0.440125552501      -1.04693688897       3.05441405188    
   220.364669595      -121.305341134       188.568197802    
A              110
     5.228034163         9.544099007         4.660910021    
  0.983623285403     -0.511924482702E-01  0.523637686421    
  -1393.34677565      -126.977979629       1005.32990049    
A              111
    -6.900871792         5.675706357        -10.03801039    
 -0.835859964681     -0.538141983645E-01  -2.71128077787    
   43.0623317084      -109.639759289      -26.9127327931    
A              112
    -11.12938620        -6.195673182         2.501380752    
 -0.843111105401E-02   2.30609491741     -0.489983161978    
  -174.029724909      -142.255494872       366.517866230    
A              113
    -4.114431449        -4.928239697         2.592219540    
   1.73981570034       1.28512867174      -2.83672151066    
  -47.7505636449      -351.705592985       522.626353057    
A              114
    -1.896272818        -10.26014128        -11.38222576    
   1.43996720213      -3.11876726015      -1.75679791436    
   165.094609057      0.408850457928      -121.582821851    
A              115
     2.195950149        -11.00815934         5.986268998    
 -0.568566093048       1.18293606488      -1.78267570427    
   358.483317489      -93.9879479422      -20.2343284649    
A              116
    -9.260006116        -4.608254068        -9.948698583    
  -1.64716220266     -0.694285333724      0.783496848360    
  -541.910468070      -399.509067479      -78.0572250182    
A              117
    -6.424270279        0.4156365732         8.023685711    
  0.826995763330       2.39223817936       3.15862068722    
  -124.786261579       682.768755286      -7.11914241593    
A              118
     5.895776586        -7.278846642         1.665359981    
  0.701856751716     -0.138684103009       1.25278608321    
  -5.74755466291       179.770833297      -134.713054128    
A              119
     5.632876699         4.127821976         2.344198572    
  -1.65911571284      -1.42301657744      0.907541422837    
   391.438509656       82.5059075166      -54.2612158559    
A              120
    -6.849863064        -2.244347407         10.47947264    
  -1.27195109753       1.83205375590     -0.471932434733    
  -348.508759805      -44.3823313488       50.6316822220    
A              121
     7.631590308         9.940537127         2.573847066    
   1.11570574962      0.970152032684       1.34672237276    
   1816.95603471       151.805259893      -1249.31577895    
A              122
    -6.251924305        -3.301405203        0.7316904325E-01
  -1.30689166033     -0.216206839892     -0.749078361368    
  -225.608946321      -166.285577756      -262.883937987    
A              123
    -10.06623108        -4.757813734       -0.4941382608    
   1.61839965694      -1.63345235046       1.87588599821    
   186.293479430       346.304451097      -448.284617059    
A              124
    -1.021165730        -2.732926265        -4.106492547    
  0.228129292432      -2.60080340682      -2.78266407245    
  -101.683554315      -176.014266064      -37.9340323788    
A              125
     8.631330252        -10.02297735       -0.1021232930    
  0.129079028651       1.14402204964       2.24398151128    
  -709.668294966       203.973312571       1515.00516301    
A              126
    -4.461560364        -5.143723613         10.63909042    
  0.949049954937     -0.215500024922     -0.171141974801    
   74.0301642837       40.5417614254      -115.684058863    
A              127
     5.429934580        -8.828558364         5.381899937    
 -0.773006431771     -0.239971861135      -1.98672938929    
   330.068253075      -152.035322697       16.6905149878    
A              128
    -8.020828522        -5.927000831        -3.580564461    
 -0.328087626942      0.683212255997E-01 -0.954899832750    
   87.8636910615       431.340754472      -76.5046322156    
A              129
    -6.736227643       -0.1560593268E-01    -5.361119522    
  -1.59237544706      0.558481379082      0.165189188866    
  -252.965106470       688.690989628       516.715150964    
A              130
    -11.43336179        -8.355251760         10.51519898    
 -0.793313299961       1.72777025267       1.03310995408    
  -27.8322943408      -45.0153785837      -88.3167345172    
A              131
    -5.002180064        -2.571786153         7.082951661    
  0.974737537941     -0.766560527088       2.38381680184    
  -159.196298826       469.859491519      -34.6248021356    
A              132
     1.969647763        -4.244284713         8.888652664    
  -2.25537759223     -0.822743356626       1.98554275512    
   652.876577515       569.509217507       724.299171985    
A              133
     1.053844099        -3.479401598         2.997413950    
   1.24702769318      -1.26776162871     -0.603816659993    
   496.044830927       382.356785318       303.144256993    
A              134
     4.507129579         5.802306593         5.190544271    
 -0.836783954114     -0.477689298979      -2.42335932637    
  -63.5084871267       367.990268974      -221.461381687    
A              135
    -10.32413134         4.540458485        -1.041858158    
 -0.744462742272E-01 -0.639726551113      -1.05654936862    
  -347.803234015       15.1840066152      -226.888768403    
A              136
    -9.824785673        0.1766139949        -7.638327595    
 -0.664613531667      -1.22274934736      -1.54041635451    
   50.3767992600      -17.6178111199       60.0011437189    
A              137
    -8.753458632         6.637839902         7.654093290    
 -0.109708071782      0.768590741097E-01   1.66897173688    
  -140.661731512       1456.25454469       1513.23203892    
A              138
     8.091659726         6.375960167         3.629112622    
   3.09463206016      0.836418867730      -1.34342733876    
   198.044496647       152.113099853       143.667922018    
A              139
     7.387239484        -3.822529626        -2.832121882    
   1.78727028767     -0.188201372762E-01  -3.44892166972    
  -109.896160256       155.273038743       18.4853446656    
A              140
     1.851138574         3.581550688        -2.729743039    
  0.536075779690     -0.194893136130      0.461851018358    
  -612.375729344      -269.838603956      -239.252649306    
A              141
     1.910971432         1.999792617        -9.914990486    
  0.559677184469      0.544590247100     -0.330135509451    
  -204.188033524       164.569617249      -152.723799913    
A              142
    -1.779759339        -2.986349212         5.195364664    
  0.876765828618E-01 -0.716428130075       1.81769488818    
  -17.4664502127      -200.172768058       12.3515730357    
A              143
    -4.828749232        -2.787747826        -3.441598656    
  -1.40224004767      0.228835857712       1.10987463614    
  -310.584934484      -138.812647566       216.049456278    
A              144
     3.767228069        -1.354641959         7.139137903    
  -2.24979265296      -3.12630146601      -1.58408841874    
  -590.762315305       110.598790255      -48.8821876841    
A              145
    -10.81462713        -1.485565297        -11.06179508    
  -1.40704285573      0.380586429685      -1.26267089317    
  -262.141999131       726.625087607       492.579676405    
A              146
     6.770873077        -7.518150890        -3.529711821    
  0.777901800696E-01 -0.363778317124       1.20324605638    
   620.425117686       317.435540917      -327.406040068    
A              147
    -1.185229672         4.967635656        -5.189043272    
  -1.35933930508      0.525346564287     -0.991637825207    
  -532.073331052       941.688748960       311.278691119    
A              148
    -2.791809659         10.94580851         1.901895531    
 -0.361579568816      0.403524063474     -0.385825624813E-01
  -201.935690282       12.1127308841      -51.4981449457    
A              149
     7.275795541        -7.990058624         9.222271105    
  -2.45256703394     -0.852347984097E-01  0.887257626038    
   512.644156108      -261.693761043      -840.930860735    
A              150
    -2.125574114         2.955429593         7.622637431    
   1.85423771648      0.732414715945       2.57965808437    
  -198.767333734       296.460288031      -56.7071577873    
A              151
    -2.842740145        -4.676704807       -0.6428516976    
   1.74054254997      -1.67859241280      -1.06561804664    
   317.842129796       306.463844550      -256.677638802    
A              152
    -7.707236181        -5.036766067         4.792672164    
 -0.670327217640       1.81805064983      -1.55194330862    
   401.283022970       234.586302475      -416.006081808    
A              153
     4.928145853         7.458109060        -8.757883895    
   1.62948359150      0.277026758118     -0.649973082459    
   754.108520200       561.020337932       819.469378896    
A              154
     3.161437620         5.204759378        -5.670235825    
   1.36143498067     -0.965951545025      0.369814690340E-01
  -3.25786586695       352.960169012      -37.5580771895    
A              155
     2.369964459         9.721943437        -8.728779473    
  0.256180992688      0.349254070333      0.388186841149    
  -469.413276902       364.995735192      -220.434909460    
A              156
     9.654510930         5.120601907        -3.193628408    
 -0.291158406524     -0.212843092752       1.13076409200    
   186.647932240       143.520140145      -133.740879233    
A              157
     10.96575333        -3.381588129        -3.565781986    
  -1.35443824458       1.51825795243      -2.57387581171    
   202.597594241      -274.178388750      -443.772239864    
A              158
     4.791426663        -6.229547809         10.83213292    
   1.13810514791       1.46954439777     -0.974378012397    
  -544.118566840       261.209511886       148.173537707    
A              159
     11.29542206         9.807748106        -6.428984193    
 -0.679861150760     -0.704267783803     -0.838812687703    
   36.4057031866      -285.521910809       47.5815154172    
A              160
     5.028011560        -4.820969368        -5.619508723    
  -3.17212161229      0.794781640874      0.280221725626    
  -55.2341619346       238.557184582       51.1648660338    
A              161
    -2.711409877         4.124814584        -1.659673829    
 -0.885864038496      -1.19563521715       1.68064614978    
   36.3303523961      -265.009786187       188.119173334    
A              162
    -5.915977667        -10.37331382         3.793149391    
  -1.45006442933     -0.654181633093      0.923320125241    
   134.531095706       681.051190686       544.986934493    
A              163
     4.425039304        -7.945384003        -7.422046971    
 -0.750077342243     -0.815657915092       1.64097721777    
  -158.829556865       283.657712447      -158.656118882    
A              164
     10.10302936        -9.616958144        -2.967467236    
   1.31158336146     -0.942121107282       1.20070157290    
   427.785264707      -1183.33958999      -758.704324612    
A              165
     3.761898875         9.089332136        -5.339567196    
   1.04452518098      0.360464687870      0.403473255373    
   252.504151907      -29.6869990096      -106.573192249    
A              166
    -7.004262622         9.784544677         2.286343007    
   1.34675968264      0.271874096559     -0.690762181076    
   271.064635372      -508.419535975      -255.823165756    
A              167
    -8.813743911         10.40730882       -0.6826928491    
 -0.391521012753      0.290972417725       2.21062462892    
  -887.585304247       86.1623366410       126.967347137    
A              168
     5.154741813        -1.001190311         3.300124728    
   1.19124900184     -0.820586603654      -1.08267552915    
  -321.093827611       95.1711141180      -267.448956892    
A              169
     2.219405977         7.429971550         2.713691422    
  -2.65740158926      0.500627843612      0.980752578796    
  -240.763526253       32.0085671744       918.290481791    
A              170
     3.484643872         2.289499481         5.935922556    
   1.63756336408     -0.694796409329      -2.08414012137    
   346.625695056       119.725143505      -316.594415002    
A              171
     4.975856519        -10.75646600         1.865274963    
  0.452556772662      -2.34306631231      0.718072341839    
  -347.426650155       128.061890188       23.0901488945    
A              172
    -8.591304552        -1.921442957        -2.595825650    
  -2.26423177762       1.10757960406      0.860413187477    
   50.2398001790      -118.459663642     -0.529387092127    
A              173
     2.392606623         3.038556501         2.300391504    
   2.48366191829     -0.237344245465       1.73148761727    
  -393.081693041      -250.131472116       149.480942193    
A              174
    -6.067350938        -4.004280333        -9.010220786    
  -1.84215452157       2.89945255281      0.355928109854    
   744.395923102       118.591331998       188.544790327    
A              175
    0.9858018332        -4.323433359        -1.401670341    
  0.991213485364       1.19899903614     -0.581868260962    
  -73.0364397997       278.926017554      -58.5182342891    
A              176
     3.709268418        -2.013024014        -2.858112197    
  -1.10430847485       1.27283000077      0.758421163875    
   200.296644657      -467.358571686      -451.464889891    
A              177
     3.627335112         1.531638264         9.466679643    
 -0.174842578310      -1.50065273396      0.562011523596E-01
   149.298438426       64.4875694625       312.386305071    
A              178
     4.501071362        -9.140690456        -1.470476219    
  0.889416249851      0.407546836786       2.25356921348    
   1884.93384627      -1017.27879941       1324.60324479    
A              179
     11.37325286         7.557691186         5.232669927    
 -0.930360056762     -0.395657945102      -2.29013639400    
  -45.2538676776       160.619290321      -152.460010941    
A              180
     8.156294340         2.549472099        -7.329183672    
  -1.13375456830     -0.655152475869       2.23741813667    
  -207.475923322      -443.403113028       138.872267591    
A              181
     9.533592766        -5.072103068        -10.99480751    
  0.646848543910       3.65055194139      -1.73075749473    
  -20.8363172494      -83.2028464833       55.5368026595    
A              182
    -7.173335962        -7.276223935        -7.131728782    
   2.38522375973      0.364871407510     -0.512823639277    
  -129.751045391       264.651869792       81.7200509434    
A              183
   -0.2134051801        -1.480878623        -8.861704993    
  -1.90835355001      0.356119214222E-02  0.486869486458E-01
   123.724164494      -219.532860605      -130.740612921    
A              184
    -7.422980739         7.772689099        -6.826337086    
  0.322689438881     -0.941509747688E-01 -0.670097642352E-01
   484.886285811      -268.581284013      -195.897994365    
A              185
     6.762483211         1.114629694        -10.38373716    
 -0.792088545338      -3.00437887992      0.244008314348    
  -206.941632341       116.132382448      -341.554945666    
A              186
    -8.801370290         4.879720083         4.965177803    
  0.960542659873       1.14616096231     -0.167267049037    
  -146.984020925      -974.725380959      -1542.19549489    
A              187
    0.8609867824       -0.6579213282         10.45109132    
 -0.191496837288     -0.527002950838      0.139532060869    
   132.155008482      -376.228389850       6.48933359329    
A              188
     6.082821729       -0.2179695340       -0.6940776029    
 -0.737589006974      0.878287728260      -2.04507464858    
   498.891724678      -801.484677308       86.6512332554    
A              189
    -5.919837994        0.5065512691        -8.830000078    
  -1.06869759125       1.29841760692      0.228285304788    
  -203.508201309       133.375937042       374.915280698    
A              190
    -3.137682239        0.3067981241         4.995109296    
  0.848012987741      0.831885332082      0.358632074538    
  -251.667961032       241.521180725       95.1151935093    
A              191
     10.84577830         11.07620899        -10.47800807    
  0.398934319525     -0.607849947597       1.45784469963    
   1215.59121296       539.335298515       474.842229238    
A              192
   -0.6144791821        0.5034629688        -2.430749765    
 -0.260444314684       1.61559985859      0.553263240845    
   198.301639702       192.426508073      -88.6891266559    
A              193
     10.73804212         2.171719068        -9.759156810    
  -1.23212678265      -1.42934397874     -0.557014248851    
  -332.794583852      -564.515869879       211.515757162    
A              194
   -0.3190378490E-01    -6.821629467         10.71102939    
 -0.415014053072     -0.931091865825E-01 -0.376529266946    
  -385.576767520       449.660452647       1130.82976854    
A              195
     5.370499585        -5.640687475         7.143636524    
  0.173273430650     -0.560244625901       4.75599624965    
  -90.5203510191      -6.67245261537       694.351767502    
A              196
    -10.70993208         6.777583424        -8.170590619    
  -2.49675382173     -0.535348298636      0.824473310230    
  -166.830390157      -162.489901241      -652.786788388    
A              197
     5.060652459        -10.37961871        -4.759836433    
  0.543021796122       1.01874072795      -1.83335561227    
  -45.9939278161      -324.811055178      -52.7661070023    
A              198
    -3.106944375        -8.412826118         4.284561368    
  0.361408429299     -0.899631331309      0.470918376834E-01
   91.0685030492      -67.1463127765       245.899646665    
A              199
     4.451627610         2.428941173        -7.525191330    
   2.27999273699     -0.535444234989       1.31548788746    
   396.350398453       12.3992817173      -283.109248291    
A              200
    -3.802439780        -1.589210328        -10.62330553    
 -0.922593730626      0.252964755035     -0.266543565247E-01
   492.982432731      -253.666011213       210.885144526    
A              201
     2.075638611        -1.854003375        -6.036551836    
 -0.478380150403      0.143156453979     -0.488785280781    
  -284.659475616      -243.467678401       561.243972121    
A              202
     6.579125606         3.145387822        -4.193265613    
  -1.59396226719     -0.399961754540     -0.797256091489    
   93.2267031038       157.158197621       82.2142208466    
A              203
    -8.894507378         10.47761713        -8.724870580    
 -0.178524114372E-01   1.92039417139      -1.12779953695    
   202.741688417      -276.952376702      -650.232900918    
A              204
   -0.8307664581         8.122561875        0.5432755137    
   2.49838912268     -0.488145703002      -1.81223256948    
   196.504219489      -85.3082851970       19.1233596635    
A              205
     6.690290325         10.29740117        -1.462169121    
   1.46273605107     -0.715731225818      0.577557212503    
  -160.768404913      -144.143907586      -252.373367987    
A              206
    -10.66481544         10.71624255         8.939465536    
  0.139366929372       1.33743433518      0.987660283323    
  -772.853650598       254.033383468      -130.414950245    
A              207
     4.793280274        -10.70275567         8.577560676    
  0.252752401731E-01  -1.44228790680      -1.23735974357    
   111.561395490       337.620650476      -372.610101463    
A              208
     8.918975776         3.840457212       -0.6298155968E-01
 -0.948639026937      0.887156108278      -2.40937466123    
  -391.313234602      -105.573441216       213.955754272    
A              209
    -5.524529733         3.485900532         5.338744409    
  -1.14486974446      0.640462570594     -0.446721645691E-02
   314.124455805      -178.082488970      -125.580432090    
A              210
    0.6433205060         2.316688949        -5.789230900    
  -2.92115348740      0.106058272253      -1.85453728610    
   312.824315939      -1246.40463810      -836.232857158    
A              211
    -10.21535710         7.032859683        -4.724817969    
  -1.27036866690     -0.124893604442      -1.28374510704    
   20.1030951418      -473.596049205       727.451719725    
A              212
     11.01278780         4.880860894         7.776020738    
   1.63907734529       2.64728178272       1.28405609785    
  -526.159941219      -56.7031147850       5.06635452174    
A              213
    -8.269254712        -3.027296060        -6.147950755    
   1.55456586713       1.38032336636      0.827709114931    
  -197.749401024      -497.466260979      -148.022627082    
A              214
     9.137388982        -10.44639268        -6.720874163    
   1.61670579396     -0.182256599277     -0.416266480402    
  -425.116767232       660.482578056      -112.393628415    
A              215
    -4.149712743        -8.657100771        -5.843137532    
  -1.15408116393      -1.46654942734     -0.416260607603    
   546.525776754      -199.088017153      -35.9988084664    
A              216
    -7.955716927         9.998193480        -4.052674112    
   1.26878359584     -0.566052527608      -1.25571557026    
  -888.648574986      -325.032083508       68.3202112967    
A              217
    -2.541877697         11.01160302        -4.444778588    
 -0.679913462536      0.699856924902       1.40568175788    
  -51.8765695865       12.5017898482       299.602272202    
A              218
     4.552177899         4.845587567        -10.72534477    
  0.566179493604       1.19959281727     -0.565824997410    
  -215.481353900      -1303.93437014      -495.799906984    
A              219
    0.8809532218         4.703496083         9.325554313    
  -1.01125412502      0.539648812655      -1.14019202939    
  -697.111519045      -83.2992010377       150.893507485    
A              220
     10.18900519         1.500678284         9.614560935    
 -0.903237785349      0.884022320076       1.54953150769    
   280.854503686       104.887688731       40.0431194319    
A              221
     8.726086241        -8.841234514         3.441480929    
  -1.00274833583     -0.967619265320E-01  -1.24833931126    
   311.048396741      -893.756382439      -347.624743096    
A              222
     7.313506589         3.220783554         5.554444398    
  -1.24850902969       1.01865410261      0.563896172319    
   37.1786051662       131.042530678       108.754060252    
A              223
    -7.768750327         10.33363654         6.860261772    
  -1.66625157468     -0.906315897006      -1.37987912041    
   218.275723532      -219.431828422      -422.108239684    
A              224
    -4.657032118         8.654514557        -9.894251022    
 -0.300780907280      -1.59474090578      -2.37388593213    
  -102.200461688      -58.9523522837      -64.6642726422    
A              225
    -2.795093424         5.165131601        -10.43040634    
 -0.567795963694     -0.866311888724      0.723612399604E-01
  -211.278137425       256.535133119       18.0781687198    
A              226
    0.6454730363E-01     8.584404225        -5.790269754    
 -0.663298217810       1.63580776503     -0.566118428047    
   602.361886191       227.357783199      -619.006268794    
A              227
    -7.782692830        0.3628511790        0.1241010149    
  0.362516876536     -0.217964144827     -0.532288957478E-01
  -202.121473384      -396.484005330       410.544021796    
A              228
     10.67549422         9.415814784        -2.682879229    
   2.59443198370      0.680354413489       1.68833060926    
  -11.2256388832       82.8821929052       154.065174911    
A              229
    -7.784067713        0.8739822456         3.941179964    
   1.64077903522      0.899855193970     -0.941371070774    
  -36.3419024832       968.406633562      -389.754935598    
A              230
    -7.932700457         3.873902871         1.447564298    
   1.85729040118      -1.16092525162     -0.362097065862    
   77.2898795035      -404.741584897       240.360071754    
A              231
    -5.136061798         2.438154981         11.13309973    
  0.450249102319      -2.43654552389     -0.185125707744    
   349.418920521       49.4332194492      -192.602823764    
A              232
    -3.024847035         7.687489577        -6.613855541    
 -0.673993955147E-01  0.697648256620       2.62249794937    
  -1325.47309494      -599.275644768      -153.082836051    
A              233
    -5.548578656         6.273728255         2.609859712    
  -2.16381247149     -0.392022112943     -0.449280972560    
   132.334456340       83.2998627170       26.2937537854    
A              234
     6.972091695        -8.712463658        -10.35904560    
 -0.184660261501E-01  0.694510451838      -1.05333913458    
   198.177532215       120.441656245       559.894076386    
A              235
    -9.602843438        -10.03265106        -6.295717341    
 -0.190423706544     -0.518924740758      -2.30509816673    
  -204.004051987       461.570359981       308.972106326    
A              236
   -0.7107733861        -6.377737115         2.888713239    
  -1.69568635000      -1.34146818449      0.949594807001    
  -54.7197252150      -190.755561335      -448.590411289    
A              237
    -2.999232002         6.711987437         7.775047820    
 -0.144390808945       1.08267209603      0.381063571946    
   772.182563727       236.731008076       30.4052132248    
A              238
     4.330418364         8.580914404         7.929954452    
   1.48301505979      0.273031345558      -1.60027683435    
  -63.2425388521       201.185961305       143.589270573    
A              239
    -6.413743951        -9.818083926       -0.2064733877    
  -1.89980957757     -0.161083234182     -0.953889459516    
   184.741239411      -122.368664568       303.849970904    
A              240
    -1.557051474         7.449766512         4.202439481    
   1.64191043540     -0.397537694641      -2.68148338445    
   100.504573143      -62.4994595700      -342.209819802    
A              241
    -2.343560768         7.522651053        -2.731741919    
 -0.529653641200     -0.846381088903     -0.812883479211    
   13.7370410084       366.816980457      -162.720359482    
A              242
     7.205159463        0.5129478394         7.947502065    
  -1.36766966485       1.06192871447       1.15191680455    
  -406.744185697       135.711259834       29.0892839254    
A              243
    -1.335889963        -8.276676506         7.884052069    
 -0.751699642726     -0.880542023784E-03   2.21192124286    
  -210.479246306      -374.025477095      -475.288380074    
A              244
     1.052387635        -10.76062415        -6.401993382    
   1.24496605698       4.08008300016      0.230388503298    
   234.373561108      -103.140819991       392.796063266    
A              245
     6.836762316        -2.403432452         6.055003878    
  0.744040337972      0.418479967799     -0.430995508705    
   818.044255122      -662.591349520      -165.124228798    
A              246
    -4.388225319         10.28053586         9.026508985    
  0.922556878969      -1.51922476686      0.558573596845E-01
   31.3629014215      -265.944681791       78.2991122337    
A              247
    -11.31934470        -11.33643125         5.361634538    
  -1.44748294655       1.40161408457     -0.118226076433    
   406.224828065      -56.6839461637      -303.163085447    
A              248
    -6.225663927         2.335954204        -2.246795779    
  -1.57205732315     -0.590266926935      -1.41311424842    
   631.312879373       492.712396072      -231.271813959    
A              249
     5.152029678         10.22300580         11.38875071    
 -0.157966272819E-01   1.86161544936      0.210322967623    
  -417.976015449      -134.462647551       634.930801363    
A              250
    -9.146379624        -2.632518657         2.266628085    
 -0.192285847127     -0.363802350815      -2.56337477746    
  -328.822170920       54.0470279073      -105.155110839    
A              251
    -3.642823536        -1.149107024        -6.385479852    
  0.606049089666     -0.792408313656E-01  0.187856020407E-02
   457.676377038      -631.662096383      -430.508884148    
A              252
     8.863919101        -4.974805851         8.054407843    
   1.16121111711     -0.151892233903     -0.358388049595    
   35.1869396259       19.9289325067       331.108922986    
A              253
     3.090605746        -9.618519636        -11.08876031    
   2.23757932505       1.54099956680      -1.56504909298    
  -25.9730176048       125.780893182       166.428924968    
A              254
    -7.434890606        -5.388355242         8.367279991    
  0.597517434273      -1.44934679467       1.47964641621    
   38.8107701884      -142.588563309       71.4123553343    
A              255
     10.44436495         7.489634855         11.00275224    
  -4.14370681929      -1.42280380085      0.493118277077    
   1240.16052929      -59.5508126495      -335.396754253    
A              256
     8.524982302         8.883451301        -9.359544309    
  0.742250958411     -0.376684890001      0.851123150017    
  -783.219359363      -118.008619946       972.807492757    
